MeshAnim
1
24
11
24
0.7208331 0 0.6931088 0
0 1 0 0
-0.6931088 0 0.7208331 0
0 0.01860309 -0.05711991 1

0.9230857 -0.06408813 0.3792171 0
0.06814667 0.9976716 0.002725873 0
-0.3785089 0.02332617 0.9253037 0
-0.08009333 0.01860309 -0.1341327 1

1 0 0 0
0 1 0 0
0 0 1 0
7.450581E-09 0.02112912 -0.2682638 1

8.940697E-08 -6.44205E-05 -1 0
1.143235E-07 1 -6.442051E-05 0
1 -1.143198E-07 8.940697E-08 0
-7.450581E-09 -0.01224885 0.07296612 1

1 0 0 0
0 1 0 0
0 0 1 0
-2.980232E-08 0.0293344 0.2616374 1

0.9340596 0.06950595 -0.3502883 0
0.0731165 -0.9973193 -0.002924643 0
-0.3495523 -0.02288005 -0.9366376 0
0.08009331 0.01860312 -0.134133 1

0.9332231 -0.01203682 -0.3590957 0
0.008826513 0.9999051 -0.01057814 0
0.3591889 0.006702203 0.9332408 0
-0.3291053 0.03589153 -0.2364305 1

1 -1.143122E-07 1.788139E-07 0
1.15484E-07 0.9999631 -0.008592894 0
-2.086163E-07 0.008592893 0.9999633 0
-2.980232E-08 -0.01222622 0.4241171 1

0.9231591 0.003258627 0.3844045 0
0.005711387 -0.9999702 -0.005239194 0
0.384376 0.007032089 -0.9231502 0
0.3320655 0.03735305 -0.2286271 1

0.670421 0.6902971 -0.2720768 0
-0.6430136 0.7234963 0.2511705 0
0.3702287 0.006559018 0.9289175 0
-0.6927939 0.04058243 -0.09648655 1

0.6608336 -0.6967358 0.2790313 0
-0.6379978 -0.7172933 -0.2800881 0
0.3952947 0.007070232 -0.9185275 0
0.6918323 0.03862293 -0.0788197 1

0.7208331 0 0.6931088 0
0 1 0 0
-0.6931088 0 0.7208331 0
0 0.02017611 -0.05711991 1

0.9141677 -0.1440913 0.3788604 0
0.1532163 0.9881737 0.006128639 0
-0.3752629 0.05244496 0.9254336 0
-0.08009333 0.02017611 -0.1341327 1

1 0 0 0
0 1 0 0
0 0 1 0
7.450581E-09 0.02240638 -0.2682638 1

-1.192093E-07 0.0002694795 -1 0
3.572495E-08 0.9999999 0.0002694795 0
1 -3.569585E-08 -1.192093E-07 0
-7.450581E-09 -0.01067583 0.07296612 1

1 0 0 0
0 1 0 0
0 0 1 0
-2.980232E-08 0.03015712 0.2616374 1

0.9246397 0.1503445 -0.3499113 0
0.1581543 -0.9873941 -0.006326132 0
-0.3464516 -0.0494906 -0.9367614 0
0.08009331 0.02017613 -0.134133 1

0.9206048 -0.1534245 -0.3590929 0
0.1729863 0.9846607 0.02278239 0
0.3500893 -0.08309175 0.9330237 0
-0.3266996 0.05904625 -0.2363343 1

1 -3.572798E-08 -2.980232E-08 0
3.49246E-08 0.9999659 -0.008259008 0
0 0.008259005 0.9999662 0
2.980232E-08 -0.01077046 0.4241171 1

0.9119702 0.1441704 0.3840902 0
0.1708863 -0.9846269 -0.03616109 0
0.3729722 0.09861357 -0.9225872 0
0.3295243 0.0607331 -0.2285254 1

0.7762276 0.5793035 -0.248753 0
-0.5168792 0.8106778 0.2750227 0
0.3609803 -0.08490504 0.9287006 0
-0.6854706 0.1188376 -0.09639133 1

0.7683914 -0.5860287 0.2571866 0
-0.5121559 -0.8040565 -0.3019759 0
0.3837591 0.100316 -0.9179681 0
0.6849308 0.1169181 -0.0788405 1

0.7208331 0 0.6931088 0
0 1 0 0
-0.6931088 0 0.7208331 0
0 0.02185199 -0.05711991 1

0.900403 -0.21484 0.3783098 0
0.2284453 0.9735138 0.009137809 0
-0.370253 0.07819537 0.925634 0
-0.08009333 0.02185199 -0.1341327 1

1 0 0 0
0 1 0 0
0 0 1 0
7.450581E-09 0.02326179 -0.2682638 1

-8.940697E-08 0.0008863447 -0.9999996 0
-3.483729E-08 0.9999996 0.0008863448 0
1 3.49537E-08 -5.960464E-08 0
-7.450581E-09 -0.008999947 0.07296612 1

1 0 0 0
0 1 0 0
0 0 1 0
-2.980232E-08 0.0297515 0.2616374 1

0.9103301 0.2219494 -0.3493391 0
0.2334787 -0.9723173 -0.009339124 0
-0.341741 -0.07306151 -0.9369501 0
0.08009331 0.02185202 -0.134133 1

0.8902706 -0.2772667 -0.3613055 0
0.3163542 0.9471795 0.05264097 0
0.3276255 -0.1611652 0.9309604 0
-0.3229865 0.07980733 -0.2361858 1

1 3.484804E-08 0 0
-3.539026E-08 0.9999708 -0.00764216 0
-5.960464E-08 0.007642159 0.999971 0
2.980232E-08 -0.009311188 0.424117 1

0.8827991 0.2678582 0.3858986 0
0.3151937 -0.9468802 -0.06380755 0
0.3483083 0.1779621 -0.9203323 0
0.3256642 0.08172512 -0.228371 1

0.8549458 0.4652123 -0.2294456 0
-0.3933407 0.869791 0.297904 0
0.3381583 -0.1644414 0.9266111 0
-0.6699358 0.1878616 -0.09538055 1

0.8486168 -0.4718731 0.2391349 0
-0.3887768 -0.8628614 -0.3229911 0
0.3587511 0.1811255 -0.9156921 0
0.6697023 0.1861128 -0.07798133 1

0.7208331 0 0.6931088 0
0 1 0 0
-0.6931088 0 0.7208331 0
0 0.02356811 -0.05711991 1

0.8845827 -0.2736306 0.377677 0
0.2909589 0.9566647 0.01163839 0
-0.3644949 0.0995934 0.9258643 0
-0.08009333 0.02356811 -0.1341327 1

1 0 0 0
0 1 0 0
0 0 1 0
7.450581E-09 0.02373284 -0.2682638 1

-1.192093E-07 0.001736436 -0.9999986 0
-9.732321E-08 0.9999985 0.001736436 0
1 9.749783E-08 -1.490116E-07 0
-7.450581E-09 -0.007283829 0.07296612 1

1 0 0 0
0 1 0 0
0 0 1 0
-2.980232E-08 0.02830895 0.2616374 1

0.8939636 0.2815109 -0.3486844 0
0.2961342 -0.955073 -0.01184532 0
-0.3363535 -0.09266806 -0.9371655 0
0.08009331 0.02356814 -0.134133 1

0.8509927 -0.3777918 -0.3648081 0
0.4321445 0.8984563 0.07763645 0
0.2984338 -0.2237178 0.9278405 0
-0.3187187 0.09738282 -0.2360151 1

1 9.729084E-08 -8.940697E-08 0
-9.872019E-08 0.9999769 -0.006792091 0
5.960464E-08 0.00679209 0.9999772 0
4.470348E-08 -0.007893579 0.4241166 1

0.8443847 0.3684022 0.3889656 0
0.431746 -0.8977976 -0.0869205 0
0.3171906 0.2413286 -0.9171428 0
0.3212491 0.09950858 -0.2281944 1

0.9080483 0.359804 -0.2144512 0
-0.2833271 0.9046956 0.3182005 0
0.3085029 -0.2281815 0.9234497 0
-0.6503611 0.2446129 -0.09384484 1

0.9028857 -0.3662069 0.2251444 0
-0.2788379 -0.8975155 -0.3416363 0
0.3271802 0.2456798 -0.9124664 0
0.6503167 0.2430796 -0.07660953 1

0.7208331 0 0.6931088 0
0 1 0 0
-0.6931088 0 0.7208331 0
0 0.02527041 -0.05711991 1

0.8700826 -0.317418 0.3770971 0
0.3375193 0.9412218 0.01350078 0
-0.3592173 0.1155307 0.9260754 0
-0.08009333 0.02527041 -0.1341327 1

1 0 0 0
0 1 0 0
0 0 1 0
7.450581E-09 0.02386562 -0.2682638 1

-2.682209E-07 0.002770012 -0.9999964 0
-1.518056E-07 0.9999962 0.002770012 0
1 1.525041E-07 -2.384186E-07 0
-7.450581E-09 -0.005581534 0.07296612 1

1 0 0 0
0 1 0 0
0 0 1 0
-2.980232E-08 0.02602945 0.2616374 1

0.8790045 0.3258643 -0.3480861 0
0.3427916 -0.9393117 -0.01371157 0
-0.3314292 -0.1072684 -0.9373626 0
0.08009331 0.02527043 -0.134133 1

0.8132371 -0.4504327 -0.368451 0
0.5153081 0.8515746 0.09632383 0
0.2703761 -0.2681998 0.9246436 0
-0.3148072 0.1108972 -0.2358586 1

1 1.521739E-07 -1.788139E-07 0
-1.539011E-07 0.9999834 -0.005758534 0
1.490116E-07 0.005758531 0.9999838 0
1.192093E-07 -0.006554227 0.4241158 1

0.80722 0.4410902 0.3922188 0
0.5154063 -0.8505908 -0.1041743 0
0.2876674 0.2862435 -0.9139545 0
0.3172138 0.1131756 -0.228033 1

0.9394229 0.2754681 -0.2039658 0
-0.1976994 0.9215764 0.3340835 0
0.2799995 -0.2735217 0.9202099 0
-0.6317357 0.2864364 -0.09226874 1

0.9350424 -0.2816136 0.2153826 0
-0.1932803 -0.9141932 -0.3562219 0
0.2972183 0.2914534 -0.9092398 0
0.6317977 0.2850741 -0.07518027 1

0.7208331 0 0.6931088 0
0 1 0 0
-0.6931088 0 0.7208331 0
0 0.02690482 -0.05711991 1

0.8603257 -0.343412 0.3767067 0
0.3651595 0.9308304 0.0146064 0
-0.3556661 0.1249917 0.9262174 0
-0.08009333 0.02690482 -0.1341327 1

1 0 0 0
0 1 0 0
0 0 1 0
7.450581E-09 0.0237062 -0.2682638 1

-3.874302E-07 0.003937331 -0.9999925 0
-1.981389E-07 0.9999923 0.003937331 0
1 1.995359E-07 -3.874302E-07 0
-7.450581E-09 -0.00394712 0.07296612 1

1 0 0 0
0 1 0 0
0 0 1 0
-2.980232E-08 0.023113 0.2616374 1

0.8689839 0.352111 -0.3476851 0
0.3704017 -0.9287536 -0.01481591 0
-0.3281307 -0.1159083 -0.9374943 0
0.08009331 0.02690485 -0.134133 1

0.7873214 -0.4923885 -0.3710507 0
0.5630776 0.8193907 0.1074365 0
0.2511351 -0.2935174 0.9223768 0
-0.3121752 0.1195438 -0.2357533 1

1 1.990665E-07 -2.980232E-07 0
-2.018642E-07 0.9999894 -0.004591223 0
2.682209E-07 0.004591221 0.9999899 0
1.490116E-07 -0.005329719 0.4241144 1

0.7816855 0.4830047 0.3945557 0
0.5633524 -0.8182566 -0.1144138 0
0.2675854 0.3117095 -0.9117211 0
0.3145106 0.1218904 -0.2279249 1

0.9544473 0.223185 -0.1980376 0
-0.1455849 0.9276783 0.3438286 0
0.2604527 -0.2993349 0.9179124 0
-0.619004 0.3114336 -0.09115026 1

0.95047 -0.2292563 0.209877 0
-0.1413125 -0.9201574 -0.3651591 0
0.2768348 0.3174146 -0.9069788 0
0.6191434 0.3101234 -0.07416142 1

0.7208331 0 0.6931088 0
0 1 0 0
-0.6931088 0 0.7208331 0
0 0.0284173 -0.05711991 1

0.8582087 -0.3487604 0.3766221 0
0.3708465 0.9285757 0.01483388 0
-0.3548956 0.1269384 0.9262483 0
-0.08009333 0.0284173 -0.1341327 1

1 0 0 0
0 1 0 0
0 0 1 0
7.450581E-09 0.02330067 -0.2682638 1

-3.278255E-07 0.00518865 -0.9999867 0
-2.365559E-07 0.9999865 0.00518865 0
1 2.383022E-07 -4.172325E-07 0
-7.450581E-09 -0.002434643 0.07296612 1

1 0 0 0
0 1 0 0
0 0 1 0
-2.980232E-08 0.01975959 0.2616374 1

0.866901 0.3572896 -0.347602 0
0.3758493 -0.9265591 -0.01503383 0
-0.3274449 -0.1176131 -0.9375219 0
0.08009331 0.02841732 -0.134133 1

0.7816731 -0.5008813 -0.3716253 0
0.5727173 0.8123776 0.1097151 0
0.2469459 -0.2985975 0.921877 0
-0.3116041 0.122499 -0.2357305 1

1 2.376837E-07 -3.278255E-07 0
-2.393499E-07 0.9999944 -0.003339901 0
2.086163E-07 0.003339899 0.9999948 0
1.043081E-07 -0.004256643 0.4241124 1

0.7762567 0.4912726 0.395066 0
0.5727895 -0.811383 -0.1164908 0
0.2633211 0.3167164 -0.9112373 0
0.3139487 0.1247999 -0.2279024 1

0.9571824 0.212253 -0.1968514 0
-0.1347781 0.9285575 0.3458554 0
0.2561968 -0.3045154 0.917406 0
-0.6162317 0.3176986 -0.09090356 1

0.9532211 -0.2185822 0.2087859 0
-0.1308047 -0.9209797 -0.3669971 0
0.2725065 0.3225191 -0.9064889 0
0.6164658 0.316255 -0.07394008 1

0.7208331 0 0.6931088 0
0 1 0 0
-0.6931088 0 0.7208331 0
0 0.02975378 -0.05711991 1

0.8654378 -0.3300841 0.3769112 0
0.3509875 0.9362749 0.01403953 0
-0.3575267 0.1201408 0.9261431 0
-0.08009333 0.02975378 -0.1341327 1

1 0 0 0
0 1 0 0
0 0 1 0
7.450581E-09 0.02269511 -0.2682638 1

-4.172325E-07 0.006474224 -0.9999793 0
-2.672896E-07 0.999979 0.006474224 0
1 2.698507E-07 -4.172325E-07 0
-7.450581E-09 -0.001098162 0.07296612 1

1 0 0 0
0 1 0 0
0 0 1 0
-2.980232E-08 0.01616922 0.2616374 1

0.8745245 0.3378873 -0.3479069 0
0.3554391 -0.9345915 -0.01421745 0
-0.3299546 -0.1112262 -0.9374215 0
0.08009331 0.0297538 -0.134133 1

0.8010288 -0.4708543 -0.3696607 0
0.538574 0.8364229 0.1016606 0
0.2613254 -0.2805226 0.9235888 0
-0.3135542 0.1187974 -0.2358085 1

1 2.69079E-07 -3.278255E-07 0
-2.711313E-07 0.9999979 -0.002054309 0
3.278255E-07 0.002054308 0.9999982 0
1.341105E-07 -0.003371593 0.4241098 1

0.7956439 0.4607387 0.3932819 0
0.5379421 -0.8359018 -0.1090266 0
0.2785123 0.2983092 -0.912931 0
0.3160052 0.1209023 -0.2279846 1

0.9470338 0.2503788 -0.2010914 0
-0.172604 0.9249136 0.3387366 0
0.2708047 -0.2860858 0.9191408 0
-0.625725 0.3022951 -0.09174714 1

0.9425958 -0.2573984 0.2127423 0
-0.1691494 -0.917323 -0.3604264 0
0.2879266 0.3037512 -0.9082038 0
0.6260779 0.300458 -0.07471765 1

0.7208331 0 0.6931088 0
0 1 0 0
-0.6931088 0 0.7208331 0
0 0.03086021 -0.05711991 1

0.8811114 -0.2847942 0.3775381 0
0.3028294 0.9529678 0.0121132 0
-0.3632315 0.1036566 0.9259149 0
-0.08009333 0.03086021 -0.1341327 1

1 0 0 0
0 1 0 0
0 0 1 0
7.450581E-09 0.02193561 -0.2682638 1

-4.172325E-07 0.007744313 -0.9999701 0
-2.903398E-07 0.99997 0.007744314 0
1 2.938323E-07 -4.172325E-07 0
-7.450581E-09 8.270144E-06 0.07296612 1

1 0 0 0
0 1 0 0
0 0 1 0
-2.980232E-08 0.01254187 0.2616374 1

0.8908969 0.2912173 -0.3485619 0
0.3063448 -0.9518418 -0.01225375 0
-0.3353443 -0.09586325 -0.9372058 0
0.08009331 0.03086024 -0.134133 1

0.8423039 -0.396045 -0.3656127 0
0.4530456 0.8876942 0.08215025 0
0.2920171 -0.2348347 0.9271348 0
-0.3177823 0.1076864 -0.2359776 1

1 2.929091E-07 -3.278255E-07 0
-2.939196E-07 0.9999997 -0.0007841883 0
3.278255E-07 0.0007841871 0.9999999 0
1.341105E-07 -0.002711153 0.4241066 1

0.8365988 0.3850712 0.3896447 0
0.4510328 -0.8878598 -0.09096523 0
0.3109218 0.2518439 -0.9164621 0
0.3204219 0.1094191 -0.2281613 1

0.9165003 0.3393234 -0.2118651 0
-0.2623608 0.9096661 0.3219848 0
0.3019837 -0.239514 0.9227346 0
-0.6460385 0.26203 -0.09349383 1

0.9108535 -0.3474301 0.2227968 0
-0.2596557 -0.9019731 -0.3449978 0
0.3208193 0.2563919 -0.9117777 0
0.6464551 0.2594862 -0.07631183 1

0.7208331 0 0.6931088 0
0 1 0 0
-0.6931088 0 0.7208331 0
0 0.03168254 -0.05711991 1

0.8998858 -0.2170322 0.3782892 0
0.2307763 0.972963 0.009231053 0
-0.3700648 0.07899326 0.9256415 0
-0.08009333 0.03168254 -0.1341327 1

1 0 0 0
0 1 0 0
0 0 1 0
7.450581E-09 0.02106825 -0.2682638 1

-4.470348E-07 0.008949175 -0.9999601 0
-3.059395E-07 0.9999599 0.008949175 0
1 3.091991E-07 -3.874302E-07 0
-7.450581E-09 0.0008305963 0.07296612 1

1 0 0 0
0 1 0 0
0 0 1 0
-2.980232E-08 0.009077542 0.2616374 1

0.9104369 0.2215038 -0.3493434 0
0.2330099 -0.97243 -0.009320356 0
-0.3417763 -0.07291487 -0.9369487 0
0.08009331 0.03168256 -0.134133 1

0.889446 -0.279839 -0.3613533 0
0.3192141 0.9462013 0.0529663 0
0.3270908 -0.1624597 0.9309235 0
-0.3228469 0.09022923 -0.2361802 1

1 3.081323E-07 -2.980232E-07 0
-3.098103E-07 0.9999999 0.0004207148 0
3.278255E-07 -0.0004207175 1 0
1.639128E-07 -0.002311915 0.4241031 1

0.882826 0.267761 0.3859049 0
0.3151383 -0.9468902 -0.06393328 0
0.3482906 0.1780553 -0.9203209 0
0.325693 0.09143546 -0.2283722 1

0.8563597 0.4627003 -0.2292521 0
-0.3907236 0.8708788 0.2981696 0
0.3376139 -0.1657663 0.9265735 0
-0.6694748 0.1992859 -0.09535641 1

0.8485973 -0.4719505 0.2390515 0
-0.3888353 -0.8627999 -0.3230853 0
0.3587337 0.1812176 -0.9156806 0
0.6697415 0.1957853 -0.07798011 1

0.7208331 0 0.6931088 0
0 1 0 0
-0.6931088 0 0.7208331 0
0 0.03216669 -0.05711991 1

0.915861 -0.1327111 0.3789282 0
0.1411153 0.9899771 0.005644612 0
-0.3758793 0.04830288 0.9254089 0
-0.08009333 0.03216669 -0.1341327 1

1 0 0 0
0 1 0 0
0 0 1 0
7.450581E-09 0.02013911 -0.2682638 1

-4.768372E-07 0.01003907 -0.9999499 0
-3.1339E-07 0.9999496 0.01003908 0
1 3.17581E-07 -4.768372E-07 0
-7.450581E-09 0.001314754 0.07296612 1

1 0 0 0
0 1 0 0
0 0 1 0
-2.980232E-08 0.005976222 0.2616374 1

0.9269972 0.1348045 -0.3500057 0
0.141807 -0.9898782 -0.005672283 0
-0.3472277 -0.04437509 -0.9367305 0
0.08009331 0.03216672 -0.134133 1

0.9241716 -0.1307143 -0.3589161 0
0.1464023 0.9890832 0.0167546 0
0.3528078 -0.06803028 0.9332194 0
-0.3271564 0.06796689 -0.2363526 1

1 3.163843E-07 -3.874302E-07 0
-3.17872E-07 0.9999989 0.001510662 0
3.576279E-07 -0.001510664 0.9999993 0
1.788139E-07 -0.002210476 0.4240995 1

0.9158392 0.1175305 0.38396 0
0.1397456 -0.9897216 -0.03037299 0
0.3764437 0.08147348 -0.9228503 0
0.3301603 0.06853162 -0.2285509 1

0.7601719 0.5985061 -0.2528418 0
-0.5383598 0.7980912 0.2705904 0
0.3637408 -0.06957535 0.9288982 0
-0.6873174 0.1189079 -0.09647856 1

0.7493603 -0.6084933 0.2611418 0
-0.5371 -0.789221 -0.297748 0
0.3872762 0.08286129 -0.9182327 0
0.6870745 0.1143347 -0.07891671 1

0.7208331 0 0.6931088 0
0 1 0 0
-0.6931088 0 0.7208331 0
0 0.03225863 -0.05711991 1

0.9244807 -0.03856837 0.379273 0
0.04101081 0.9991574 0.001640435 0
-0.3790166 0.01403774 0.9252834 0
-0.08009333 0.03225863 -0.1341327 1

1 0 0 0
0 1 0 0
0 0 1 0
7.450581E-09 0.01919428 -0.2682638 1

-3.576279E-07 0.01096427 -0.99994 0
-3.157184E-07 0.9999399 0.01096427 0
1 3.18978E-07 -4.172325E-07 0
-7.450581E-09 0.001406694 0.07296612 1

1 0 0 0
0 1 0 0
0 0 1 0
-2.980232E-08 0.00343791 0.2616374 1

0.935842 0.03805289 -0.3503596 0
0.04002956 -0.9991975 -0.001601232 0
-0.3501391 -0.01252623 -0.9366142 0
0.08009331 0.03225866 -0.134133 1

0.9322713 0.03767373 -0.3597929 0
-0.04935978 0.9985082 -0.02334449 0
0.3583769 0.03952269 0.9327401 0
-0.3294817 0.04266286 -0.2364456 1

1 3.17671E-07 -3.278255E-07 0
-3.179302E-07 0.9999971 0.002435907 0
2.384186E-07 -0.002435909 0.9999974 0
8.940697E-08 -0.002443422 0.424096 1

0.9213916 -0.05162705 0.3851915 0
-0.05877395 -0.9982484 0.006794618 0
0.3841659 -0.02889973 -0.922812 0
0.3325463 0.04252381 -0.2286463 1

0.6290735 0.7245875 -0.2814951 0
-0.6839637 0.6880229 0.2425246 0
0.3694054 0.03996661 0.9284085 0
-0.6927992 0.02798094 -0.09622986 1

0.6144944 -0.7344733 0.2880031 0
-0.6828773 -0.677996 -0.2720301 0
0.3950637 -0.02950983 -0.9181799 0
0.6916243 0.02240403 -0.07853226 1

0.7208331 0 0.6931088 0
0 1 0 0
-0.6931088 0 0.7208331 0
0 0.03192023 -0.05711991 1

0.9234648 0.05827374 0.3792323 0
-0.06196408 0.9980753 -0.002478562 0
-0.3786469 -0.02120991 0.9252982 0
-0.08009333 0.03192023 -0.1341327 1

1 0 0 0
0 1 0 0
0 0 1 0
7.450581E-09 0.01829576 -0.2682638 1

-2.980232E-07 0.01167504 -0.9999318 0
-3.073364E-07 0.9999319 0.01167504 0
1 3.110617E-07 -2.980232E-07 0
-7.450581E-09 0.001068292 0.07296612 1

1 0 0 0
0 1 0 0
0 0 1 0
-2.980232E-08 0.001678526 0.2616374 1

0.9346216 -0.06135863 -0.3503107 0
-0.064546 -0.9979113 0.002581703 0
-0.3497375 0.02019824 -0.93663 0
0.08009331 0.03192026 -0.134133 1

0.9075634 0.208388 -0.3645588 0
-0.2476893 0.9667218 -0.06402426 0
0.339085 0.1484034 0.9289768 0
-0.3292076 0.01620028 -0.2364346 1

1 3.0967E-07 -2.086163E-07 0
-3.094319E-07 0.9999951 0.003146719 0
1.490116E-07 -0.003146719 0.9999952 0
1.043081E-07 -0.003031407 0.4240932 1

0.893502 -0.2224183 0.3901081 0
-0.2595612 -0.9647018 0.04447766 0
0.3664454 -0.1409978 -0.9196942 0
0.3322171 0.01536813 -0.2286331 1

0.4729321 0.8235132 -0.3133072 0
-0.8086779 0.5468695 0.2167347 0
0.349822 0.1508638 0.924589 0
-0.6828963 -0.06501106 -0.09436164 1

0.4543467 -0.8321962 0.3178338 0
-0.807112 -0.5355567 -0.2484939 0
0.3770138 -0.1436251 -0.9150041 0
0.6804262 -0.07131116 -0.07660294 1

0.7208331 0 0.6931088 0
0 1 0 0
-0.6931088 0 0.7208331 0
0 0.03123899 -0.05711991 1

0.9130297 0.1512483 0.3788149 0
-0.1608265 0.9869617 -0.006433055 0
-0.3748488 -0.0550499 0.9254501 0
-0.08009333 0.03123899 -0.1341327 1

1 0 0 0
0 1 0 0
0 0 1 0
7.450581E-09 0.0176585 -0.2682638 1

-3.278255E-07 0.01212164 -0.9999267 0
-2.933666E-07 0.9999265 0.01212164 0
1 2.966262E-07 -3.278255E-07 0
-7.450581E-09 0.0003870483 0.07296612 1

1 0 0 0
0 1 0 0
0 0 1 0
-2.980232E-08 0.00110887 0.2616374 1

0.9236442 -0.1564332 -0.3498715 0
-0.1645592 -0.9863451 0.006582178 0
-0.3461239 0.05149501 -0.9367745 0
0.08009331 0.03123901 -0.134133 1

0.8527732 0.3657337 -0.3728496 0
-0.4295833 0.8971957 -0.1024603 0
0.2970459 0.2475453 0.9222175 0
-0.3263926 -0.009561811 -0.236322 1

1 2.951813E-07 -2.384186E-07 0
-2.963934E-07 0.9999935 0.003593351 0
2.086163E-07 -0.003593353 0.9999939 0
1.043081E-07 -0.003869478 0.4240913 1

0.8353717 -0.3788001 0.3983273 0
-0.4430515 -0.8929174 0.08002317 0
0.3253607 -0.2433285 -0.9137459 0
0.3292558 -0.01096044 -0.2285146 1

0.3069623 0.8865812 -0.346046 0
-0.9008005 0.3879921 0.1949884 0
0.3071361 0.2518643 0.9177319 0
-0.6587288 -0.1520927 -0.09101791 1

0.2848647 -0.8929694 0.3485077 0
-0.8980338 -0.3757648 -0.2287712 0
0.3352428 -0.2478029 -0.9089588 0
0.6548107 -0.1585837 -0.07328136 1

0.7208331 0 0.6931088 0
0 1 0 0
-0.6931088 0 0.7208331 0
0 0.03027871 -0.05711991 1

0.895986 0.2328617 0.3781332 0
-0.2476082 0.9688096 -0.00990431 0
-0.3686454 -0.08475475 0.9256983 0
-0.08009333 0.03027871 -0.1341327 1

1 0 0 0
0 1 0 0
0 0 1 0
7.450581E-09 0.01749556 -0.2682638 1

-2.682209E-07 0.01225436 -0.9999251 0
-2.714805E-07 0.9999249 0.01225436 0
1 2.733432E-07 -2.086163E-07 0
-7.450581E-09 -0.0005732253 0.07296612 1

1 0 0 0
0 1 0 0
0 0 1 0
-2.980232E-08 0.002171395 0.2616374 1

0.9058885 -0.2396924 -0.3491614 0
-0.2521434 -0.9676373 0.01008557 0
-0.340279 0.07890235 -0.9370084 0
0.08009331 0.03027874 -0.134133 1

0.780036 0.4946934 -0.3831743 0
-0.577211 0.8052965 -0.1353703 0
0.241602 0.326766 0.9137027 0
-0.3217949 -0.03253815 -0.2361381 1

1 2.718824E-07 -1.192093E-07 0
-2.741581E-07 0.999993 0.003726073 0
1.490116E-07 -0.003726077 0.9999934 0
7.450581E-08 -0.004876355 0.4240908 1

0.7596465 -0.5061095 0.4083998 0
-0.5914921 -0.7987174 0.1103977 0
0.2703227 -0.3254284 -0.9061027 0
0.324466 -0.03438074 -0.2283231 1

0.1522262 0.9138814 -0.3763614 0
-0.9559863 0.2327921 0.1786008 0
0.250834 0.3326086 0.9090952 0
-0.6257845 -0.2253262 -0.08681042 1

0.1274204 -0.9174569 0.3768778 0
-0.9517088 -0.2200968 -0.2140276 0
0.2793106 -0.3314064 -0.9011967 0
0.6205099 -0.2316181 -0.06916443 1

0.7208331 0 0.6931088 0
0 1 0 0
-0.6931088 0 0.7208331 0
0 0.02908921 -0.05711991 1

0.8774496 0.2960707 0.3773918 0
-0.3148201 0.9490678 -0.01259281 0
-0.3618987 -0.107761 0.9259682 0
-0.08009333 0.02908921 -0.1341327 1

1 0 0 0
0 1 0 0
0 0 1 0
7.450581E-09 0.01772489 -0.2682638 1

-2.384186E-07 0.01202344 -0.999928 0
-2.426095E-07 0.9999277 0.01202344 0
1 2.449378E-07 -2.086163E-07 0
-7.450581E-09 -0.001762727 0.07296612 1

1 0 0 0
0 1 0 0
0 0 1 0
-2.980232E-08 0.004581423 0.2616374 1

0.8866131 -0.3042064 -0.3483906 0
-0.3200087 -0.9473283 0.01280023 0
-0.3339339 0.1001391 -0.9372624 0
0.08009331 0.02908924 -0.134133 1

0.7083915 0.5862033 -0.3931248 0
-0.6805153 0.715047 -0.1600212 0
0.1872978 0.3808852 0.9054536 0
-0.3167945 -0.05077895 -0.2359381 1

1 2.435046E-07 -1.192093E-07 0
-2.448214E-07 0.9999939 0.003495144 0
8.940697E-08 -0.003495147 0.9999943 0
8.940697E-08 -0.005984768 0.4240918 1

0.6856575 -0.5959235 0.4180303 0
-0.6951411 -0.7064431 0.1331069 0
0.2159931 -0.3818556 -0.8986288 0
0.3192663 -0.05297357 -0.2281151 1

0.0292452 0.9157695 -0.4006383 0
-0.9802309 0.1047404 0.1678599 0
0.195684 0.387809 0.9007288 0
-0.5928634 -0.2792295 -0.08273251 1

0.002522185 -0.9166973 0.399575 0
-0.9745612 -0.09180161 -0.2044579 0
0.2241077 -0.3888946 -0.8936092 0
0.5864757 -0.2852126 -0.06520338 1

0.7208331 0 0.6931088 0
0 1 0 0
-0.6931088 0 0.7208331 0
0 0.02772028 -0.05711991 1

0.8637092 0.3346589 0.3768421 0
-0.355852 0.9344339 -0.01423407 0
-0.3568976 -0.1218059 0.9261682 0
-0.08009333 0.02772028 -0.1341327 1

1 0 0 0
0 1 0 0
0 0 1 0
7.450581E-09 0.01823102 -0.2682638 1

-8.940697E-08 0.01137917 -0.9999353 0
-2.053566E-07 0.9999353 0.01137917 0
1 2.067536E-07 -8.940697E-08 0
-7.450581E-09 -0.003131656 0.07296612 1

1 0 0 0
0 1 0 0
0 0 1 0
-2.980232E-08 0.007969413 0.2616374 1

0.8722183 -0.3438902 -0.3478147 0
-0.3617539 -0.9321617 0.01447007 0
-0.3291954 0.1132022 -0.937452 0
0.08009331 0.02772031 -0.134133 1

0.6587796 0.6372396 -0.399919 0
-0.737245 0.6527385 -0.174363 0
0.1499315 0.409705 0.8998125 0
-0.3130879 -0.06255743 -0.2357898 1

1 2.053971E-07 0 0
-2.065208E-07 0.9999959 0.002850828 0
-2.980232E-08 -0.00285083 0.9999962 0
2.980232E-08 -0.00712746 0.4240944 1

0.6344191 -0.6459394 0.424588 0
-0.752141 -0.6425561 0.1463079 0
0.1783155 -0.4121706 -0.8934875 0
0.3153831 -0.06504762 -0.2279598 1

-0.04556847 0.908463 -0.4154738 0
-0.98643 0.02474943 0.1623062 0
0.1577321 0.4172319 0.8950075 0
-0.5698223 -0.3108975 -0.07993648 1

-0.0736407 -0.9075451 0.4134484 0
-0.9798194 -0.01140749 -0.199559 0
0.1858252 -0.4198005 -0.8883904 0
0.5626243 -0.3167785 -0.06249238 1

0.7208331 0 0.6931088 0
0 1 0 0
-0.6931088 0 0.7208331 0
0 0.02622173 -0.05711991 1

0.8606141 0.3426761 0.3767182 0
-0.364377 0.9311375 -0.01457509 0
-0.355771 -0.1247239 0.9262133 0
-0.08009333 0.02622173 -0.1341327 1

1 0 0 0
0 1 0 0
0 0 1 0
7.450581E-09 0.01889844 -0.2682638 1

-1.490116E-07 0.01027177 -0.9999475 0
-1.620501E-07 0.9999472 0.01027177 0
1 1.629815E-07 -1.788139E-07 0
-7.450581E-09 -0.004630206 0.07296612 1

1 0 0 0
0 1 0 0
0 0 1 0
-2.980232E-08 0.01196582 0.2616374 1

0.8686554 -0.3529336 -0.3476721 0
-0.371267 -0.9284075 0.01485074 0
-0.3280225 0.116179 -0.9374988 0
0.08009331 0.02622176 -0.134133 1

0.6494287 0.6460822 -0.4010239 0
-0.7468359 0.6411645 -0.1764775 0
0.1431033 0.4141086 0.898908 0
-0.312253 -0.06621872 -0.2357564 1

1 1.61757E-07 -8.940697E-08 0
-1.634471E-07 0.9999985 0.001743369 0
2.980232E-08 -0.001743373 0.9999989 0
4.470348E-08 -0.00823715 0.4240986 1

0.6241712 -0.6551368 0.4256834 0
-0.7623411 -0.6299586 0.1482849 0
0.171016 -0.417071 -0.8926398 0
0.314422 -0.06898572 -0.2279213 1

-0.05890115 0.906658 -0.4177344 0
-0.986809 0.01032868 0.161559 0
0.1507934 0.42174 0.8940899 0
-0.5653433 -0.3180049 -0.07947246 1

-0.08803663 -0.905274 0.4156064 0
-0.9800109 0.003989011 -0.1989039 0
0.1784047 -0.4248096 -0.8875297 0
0.5576694 -0.3243009 -0.06202704 1

0.7208331 0 0.6931088 0
0 1 0 0
-0.6931088 0 0.7208331 0
0 0.02464337 -0.05711991 1

0.8709246 0.3150603 0.3771307 0
-0.3350123 0.9421185 -0.01340052 0
-0.3595237 -0.1146725 0.9260632 0
-0.08009333 0.02464337 -0.1341327 1

1 0 0 0
0 1 0 0
0 0 1 0
7.450581E-09 0.01961166 -0.2682638 1

-2.980232E-08 0.008651508 -0.9999629 0
-1.11293E-07 0.9999626 0.008651508 0
1 1.105946E-07 -8.940697E-08 0
-7.450581E-09 -0.006208574 0.07296612 1

1 0 0 0
0 1 0 0
0 0 1 0
-2.980232E-08 0.01620111 0.2616374 1

0.8787558 -0.3265448 -0.348076 0
-0.3435073 -0.9390495 0.01374042 0
-0.3313475 0.1074921 -0.9373657 0
0.08009331 0.02464339 -0.134133 1

0.689552 0.6069385 -0.3951503 0
-0.7030958 0.691868 -0.1642406 0
0.1737079 0.3910809 0.9038149 0
-0.3150343 -0.06034743 -0.2358676 1

1 1.095632E-07 0 0
-1.112712E-07 1 0.0001230344 0
-8.940697E-08 -0.000123038 1 0
1.490116E-08 -0.009246562 0.424104 1

0.6642067 -0.6183501 0.4200865 0
-0.7200233 -0.6802694 0.1371137 0
0.2009877 -0.3935438 -0.8970661 0
0.3171467 -0.06344542 -0.2280303 1

0.0001048297 0.9143069 -0.4050221 0
-0.9833223 0.07375623 0.1662448 0
0.1818717 0.3982498 0.8990662 0
-0.5837613 -0.2968788 -0.08187274 1

-0.0300823 -0.9143381 0.4038329 0
-0.9774852 -0.05750594 -0.203017 0
0.208849 -0.4008479 -0.8920221 0
0.5759965 -0.3044244 -0.06431717 1

0.7208331 0 0.6931088 0
0 1 0 0
-0.6931088 0 0.7208331 0
0 0.02303499 -0.05711991 1

0.8893567 0.2574113 0.3778679 0
-0.2737125 0.9617493 -0.01094854 0
-0.3662325 -0.09369001 0.9257948 0
-0.08009333 0.02303499 -0.1341327 1

1 0 0 0
0 1 0 0
0 0 1 0
7.450581E-09 0.02025521 -0.2682638 1

1.490116E-07 0.006468616 -0.9999791 0
-5.238689E-08 0.9999791 0.006468616 0
1 5.122274E-08 1.788139E-07 0
-7.450581E-09 -0.007816954 0.07296612 1

1 0 0 0
0 1 0 0
0 0 1 0
-2.980232E-08 0.02030574 0.2616374 1

0.8973947 -0.2701973 -0.3488217 0
-0.2842328 -0.958688 0.01136953 0
-0.337483 0.08894356 -0.9371204 0
0.08009331 0.02303501 -0.134133 1

0.7619791 0.5208818 -0.3847987 0
-0.6058276 0.7832967 -0.1393532 0
0.2288249 0.3393058 0.9124203 0
-0.3200066 -0.0464044 -0.2360666 1

1 5.045163E-08 2.682209E-07 0
-5.098991E-08 0.9999979 -0.002059916 0
-2.980232E-07 0.002059915 0.9999981 0
-7.450581E-08 -0.01008841 0.4241098 1

0.7377427 -0.5362135 0.4101354 0
-0.6248867 -0.7722998 0.1143236 0
0.2554456 -0.3406295 -0.9048312 0
0.3221747 -0.04985349 -0.2282314 1

0.1194193 0.9171225 -0.3802963 0
-0.9639344 0.1988591 0.1768775 0
0.2378436 0.345458 0.9077938 0
-0.6169592 -0.2493984 -0.08610574 1

0.08854058 -0.920387 0.3808524 0
-0.9604021 -0.1802896 -0.2124228 0
0.2641749 -0.3469634 -0.8999047 0
0.6096824 -0.2588228 -0.06839637 1

0.7208331 0 0.6931088 0
0 1 0 0
-0.6931088 0 0.7208331 0
0 0.02144639 -0.05711991 1

0.9078742 0.1800556 0.3786086 0
-0.1914581 0.9814709 -0.00765837 0
-0.3729723 -0.06553483 0.9255252 0
-0.08009333 0.02144639 -0.1341327 1

1 0 0 0
0 1 0 0
0 0 1 0
7.450581E-09 0.02071357 -0.2682638 1

2.086163E-07 0.004067872 -0.9999919 0
3.72529E-09 0.9999917 0.004067872 0
1 -4.889444E-09 2.086163E-07 0
-7.450581E-09 -0.00940555 0.07296612 1

1 0 0 0
0 1 0 0
0 0 1 0
-2.980232E-08 0.02391018 0.2616374 1

0.9167951 -0.1930498 -0.3495976 0
-0.2030779 -0.9791288 0.008123353 0
-0.3438693 0.06354807 -0.9368647 0
0.08009331 0.02144642 -0.134133 1

0.8382998 0.3967184 -0.3739896 0
-0.4636433 0.8796391 -0.1061608 0
0.28686 0.2623924 0.921337 0
-0.3250019 -0.02712549 -0.2362664 1

1 -5.374372E-09 2.980232E-07 0
5.355105E-09 0.99999 -0.004460683 0
-2.980232E-07 0.004460681 0.9999903 0
-7.450581E-08 -0.01083399 0.4241142 1

0.8170058 -0.4157121 0.399606 0
-0.4841581 -0.870957 0.08381397 0
0.3131972 -0.261949 -0.9128473 0
0.3274082 -0.03063076 -0.2284407 1

0.2728906 0.8963382 -0.3494405 0
-0.9151245 0.3539031 0.1931317 0
0.2967794 0.2670778 0.9168379 0
-0.6516975 -0.1817315 -0.09051801 1

0.2431006 -0.9038543 0.3520644 0
-0.9146923 -0.3344146 -0.2269467 0
0.3228624 -0.2668597 -0.9080451 0
0.6458057 -0.1926391 -0.07270915 1

0.7208331 0 0.6931088 0
0 1 0 0
-0.6931088 0 0.7208331 0
0 0.01992739 -0.05711991 1

0.9205257 0.09436466 0.3791147 0
-0.1003405 0.994945 -0.004013702 0
-0.3775772 -0.03434585 0.925341 0
-0.08009333 0.01992739 -0.1341327 1

1 0 0 0
0 1 0 0
0 0 1 0
7.450581E-09 0.02087127 -0.2682638 1

2.682209E-07 0.002225888 -0.9999976 0
5.0175E-08 0.9999975 0.002225888 0
1 -5.08735E-08 2.086163E-07 0
-7.450581E-09 -0.01092455 0.07296612 1

1 0 0 0
0 1 0 0
0 0 1 0
-2.980232E-08 0.02664487 0.2616374 1

0.9307705 -0.105151 -0.3501567 0
-0.1106131 -0.9938539 0.004424736 0
-0.3484696 0.03461348 -0.9366809 0
0.08009331 0.01992741 -0.134133 1

0.8959085 0.2522177 -0.365697 0
-0.2967531 0.9523733 -0.0701623 0
0.330584 0.1713807 0.9280856 0
-0.3284147 -0.005528465 -0.2364029 1

1 -5.113885E-08 2.980232E-07 0
5.261973E-08 0.9999801 -0.006302648 0
-3.874302E-07 0.006302646 0.9999804 0
-1.192093E-07 -0.01170618 0.4241163 1

0.8789995 -0.2724033 0.3913521 0
-0.3161008 -0.9473781 0.05055189 0
0.356988 -0.1681418 -0.9188519 0
0.3311782 -0.008438157 -0.2285916 1

0.4303734 0.8446286 -0.3184042 0
-0.835687 0.5061633 0.2131337 0
0.3411833 0.1743592 0.9236844 0
-0.6775613 -0.1038208 -0.09388629 1

0.4045343 -0.8555979 0.3229622 0
-0.8374846 -0.4884552 -0.2450128 0
0.3673849 -0.1713598 -0.914147 0
0.6737355 -0.1145973 -0.07607663 1

0.7208331 0 0.6931088 0
0 1 0 0
-0.6931088 0 0.7208331 0
0 0.01852778 -0.05711991 1

0.9252591 0.004902057 0.3793041 0
-0.005212483 0.9999864 -0.0002085231 0
-0.3792999 -0.001784178 0.9252721 0
-0.08009333 0.01852778 -0.1341327 1

1 0 0 0
0 1 0 0
0 0 1 0
7.450581E-09 0.0206128 -0.2682638 1

1.788139E-07 0.0009407791 -0.9999996 0
8.393545E-08 0.9999996 0.0009407792 0
1 -8.411007E-08 2.384186E-07 0
-7.450581E-09 -0.01232416 0.07296612 1

1 0 0 0
0 1 0 0
0 0 1 0
-2.980232E-08 0.0281403 0.2616374 1

0.9365674 -0.008335682 -0.3503885 0
-0.008768635 -0.9999616 0.000350879 0
-0.3503778 0.002743806 -0.9366046 0
0.08009331 0.0185278 -0.134133 1

0.9270899 0.1016533 -0.3607921 0
-0.1225345 0.9918323 -0.03541515 0
0.3542452 0.07704251 0.9319736 0
-0.3296916 0.0172054 -0.236454 1

1 -8.422223E-08 3.278255E-07 0
8.544885E-08 0.9999713 -0.007587728 0
-2.682209E-07 0.007587727 0.9999714 0
-8.940697E-08 -0.01265452 0.424117 1

0.9148765 -0.1174364 0.3862766 0
-0.1348273 -0.9907032 0.0181368 0
0.3805556 -0.0686736 -0.9222049 0
0.332742 0.01627916 -0.2286541 1

0.5742525 0.765351 -0.2906408 0
-0.7327032 0.6388395 0.234585 0
0.3652128 0.0782424 0.9276302 0
-0.69099 -0.02241014 -0.0958489 1

0.5567033 -0.7759183 0.2967025 0
-0.7327387 -0.6269308 -0.2646728 0
0.3913765 -0.07006119 -0.91756 0
0.689281 -0.02948734 -0.07811714 1

0.7208331 0 0.6931088 0
0 1 0 0
-0.6931088 0 0.7208331 0
0 0.01729737 -0.05711991 1

0.923185 -0.06261679 0.3792211 0
0.06658217 0.9977774 0.002663255 0
-0.378545 0.02279069 0.9253024 0
-0.08009333 0.01729737 -0.1341327 1

1 0 0 0
0 1 0 0
0 0 1 0
7.450581E-09 0.01982269 -0.2682638 1

1.490116E-07 0.0001861421 -1 0
1.050357E-07 1 0.0001861421 0
1 -1.050576E-07 1.490116E-07 0
-7.450581E-09 -0.01355457 0.07296612 1

1 0 0 0
0 1 0 0
0 0 1 0
-2.980232E-08 0.0280269 0.2616374 1

0.9341816 0.06782052 -0.3502931 0
0.0713435 -0.9974477 -0.002853725 0
-0.3495925 -0.02232523 -0.9366359 0
0.08009331 0.01729739 -0.134133 1

0.9332433 -0.009641849 -0.3591155 0
0.006062707 0.9999201 -0.01109144 0
0.3591938 0.008173808 0.9332273 0
-0.3291321 0.0341889 -0.2364316 1

1 -1.050798E-07 2.086163E-07 0
1.066364E-07 0.9999653 -0.008342341 0
-2.682209E-07 0.008342341 0.9999655 0
-7.450581E-08 -0.01361994 0.4241171 1

0.9231548 0.00068615 0.384428 0
0.002723147 -0.999985 -0.004754427 0
0.3844189 0.005435925 -0.9231429 0
0.3320984 0.03559267 -0.2286283 1

0.6685033 0.6920075 -0.2724496 0
-0.645004 0.7218452 0.2508173 0
0.3702339 0.008058909 0.9289037 0
-0.6928285 0.03794645 -0.09647984 1

0.6587413 -0.698572 0.279387 0
-0.6401314 -0.715519 -0.2797578 0
0.3953376 0.005443681 -0.9185199 0
0.6918635 0.03586001 -0.07881186 1

