MeshAnim
1
24
12
24
-1 1.224647E-16 1.224647E-16 0
1.224647E-16 1 -1.224647E-16 0
-1.224647E-16 -1.224647E-16 -1 0
0 0.000719352 0 1

-1 1.224647E-16 1.224647E-16 0
1.224647E-16 1 -3.579103E-10 0
-1.224647E-16 -3.579103E-10 -1 0
-1.149651E-17 -0.006361307 -0.0867955 1

-1 1.323045E-09 1.224647E-16 0
1.323045E-09 1 -1.224647E-16 0
-1.224647E-16 -1.224647E-16 -1 0
-0.1241105 -0.006361307 -0.0751341 1

-1 -1.571115E-09 1.224647E-16 0
1.571115E-09 -1 2.449294E-16 0
1.224647E-16 2.449294E-16 1 0
0.1241108 -0.00636128 -0.07513382 1

-1 1.224647E-16 1.224647E-16 0
1.224647E-16 1 5.032899E-10 0
-1.224647E-16 5.032899E-10 -1 0
-3.028825E-17 -0.02221318 -0.2243898 1

-1 1.224647E-16 1.224647E-16 0
1.057183E-16 0.9917148 -0.1284593 0
-1.371818E-16 -0.1284593 -0.9917148 0
2.014898E-18 -0.04567395 0.06284619 1

-0.9975975 -0.01426727 -0.06779087 0
0.01430017 -0.9998978 1.207009E-16 0
-0.06778394 -0.0009694208 0.9976996 0
-0.3269842 -0.02999518 0.007009655 1

-0.9975975 0.01426727 0.06779087 0
0.01430017 0.9998978 -2.466556E-16 0
-0.06778394 0.0009694208 -0.9976996 0
0.3269838 -0.02999518 0.007009178 1

-1 1.224647E-16 1.224647E-16 0
1.224647E-16 1 1.36449E-09 0
-1.224647E-16 1.36449E-09 -1 0
-5.482621E-17 -0.0494784 -0.3974922 1

-1 1.224647E-16 1.224647E-16 0
1.057183E-16 0.9917148 -0.1284593 0
-1.371818E-16 -0.1284593 -0.9917148 0
1.698563E-17 -0.04920267 0.1886202 1

-0.9975975 -0.01426726 -0.06779087 0
0.01430016 -0.9998978 -4.230504E-10 0
-0.06778394 -0.0009694208 0.9976996 0
-0.6318263 -0.0343312 0.03837748 1

-0.9975975 0.01426726 0.06779087 0
0.01430016 0.9998978 5.023722E-10 0
-0.06778394 0.0009694208 -0.9976996 0
0.6318268 -0.03433118 0.03837718 1

-1 1.224647E-16 1.224647E-16 0
1.224647E-16 1 -1.224647E-16 0
-1.224647E-16 -1.224647E-16 -1 0
0 -0.004325535 0 1

-1 1.224647E-16 1.224647E-16 0
1.211525E-16 0.9999432 -0.01065824 0
-1.23763E-16 -0.01065824 -0.9999432 0
-1.149651E-17 -0.01140619 -0.0867955 1

-0.9988438 0.04807314 1.164358E-16 0
0.04807314 0.9988438 -1.282103E-16 0
-1.224647E-16 -1.224647E-16 -1 0
-0.1241105 -0.01140619 -0.0751341 1

-0.9988438 -0.04807313 1.340858E-16 0
0.04807313 -0.9988438 2.390871E-16 0
1.224371E-16 2.452565E-16 1 0
0.1241108 -0.01140617 -0.07513382 1

-1 1.224647E-16 1.224647E-16 0
1.249049E-16 0.9997974 0.0201285 0
-1.199748E-16 0.0201285 -0.9997974 0
-3.044609E-17 -0.02872368 -0.224213 1

-1 1.224647E-16 1.224647E-16 0
1.049345E-16 0.9909663 -0.134111 0
-1.377822E-16 -0.134111 -0.9909663 0
2.260764E-18 -0.04912169 0.0632567 1

-0.9943863 0.08139598 -0.06760589 0
-0.08136407 -0.9966793 -0.003230111 0
-0.06764431 0.002288711 0.9977069 0
-0.3278858 -0.02525997 0.007009655 1

-0.9943863 -0.08139597 0.06760589 0
-0.08136405 0.9966793 0.003230111 0
-0.06764431 -0.002288711 -0.9977069 0
0.3278854 -0.02526 0.007009178 1

-1 1.224647E-16 1.224647E-16 0
1.28539E-16 0.998704 0.05089616 0
-1.16073E-16 0.05089616 -0.998704 0
-5.461958E-17 -0.05249909 -0.3978292 1

-1 1.224647E-16 1.224647E-16 0
1.049345E-16 0.9909663 -0.134111 0
-1.377822E-16 -0.134111 -0.9909663 0
1.732153E-17 -0.05193331 0.1890488 1

-0.9396363 0.336045 -0.06447801 0
-0.335422 -0.9418432 -0.02058098 0
-0.06764431 0.002288711 0.9977069 0
-0.6317484 -0.0005321312 0.03843381 1

-0.9396363 -0.336045 0.06447801 0
-0.335422 0.9418432 0.02058098 0
-0.06764431 -0.002288711 -0.9977069 0
0.6317489 -0.0005320697 0.03843351 1

-1 1.224647E-16 1.224647E-16 0
1.224647E-16 1 -1.224647E-16 0
-1.224647E-16 -1.224647E-16 -1 0
0 -0.01042873 0 1

-1 1.224647E-16 1.224647E-16 0
1.193925E-16 0.999693 -0.02477904 0
-1.254616E-16 -0.02477904 -0.999693 0
-1.149651E-17 -0.01750939 -0.0867955 1

-0.9935095 0.1137495 1.077395E-16 0
0.1137495 0.9935095 -1.356001E-16 0
-1.224647E-16 -1.224647E-16 -1 0
-0.1241105 -0.01750939 -0.0751341 1

-0.9935095 -0.1137495 1.495179E-16 0
0.1137495 -0.9935095 2.303662E-16 0
1.223434E-16 2.458786E-16 1 0
0.1241108 -0.01750936 -0.07513382 1

-1 1.224647E-16 1.224647E-16 0
1.281903E-16 0.9988521 0.04790131 0
-1.164579E-16 0.04790131 -0.9988521 0
-3.065191E-17 -0.03676585 -0.2239547 1

-1 1.224647E-16 1.224647E-16 0
1.038413E-16 0.9898745 -0.1419457 0
-1.38608E-16 -0.1419457 -0.9898745 0
2.584143E-18 -0.05310199 0.06377438 1

-0.9751509 0.2111043 -0.06719964 0
-0.2110731 -0.9774404 -0.007645349 0
-0.0672976 0.006728664 0.9977102 0
-0.3283558 -0.01791309 0.007009655 1

-0.9751509 -0.2111043 0.06719964 0
-0.2110731 0.9774405 0.007645349 0
-0.0672976 -0.006728664 -0.9977102 0
0.3283554 -0.01791318 0.007009178 1

-1 1.224647E-16 1.224647E-16 0
1.363109E-16 0.9927341 0.1203286 0
-1.068389E-16 0.1203286 -0.9927341 0
-5.43062E-17 -0.05570794 -0.3981645 1

-1 1.224647E-16 1.224647E-16 0
1.038413E-16 0.9898745 -0.1419457 0
-1.38608E-16 -0.1419457 -0.9898745 0
1.776902E-17 -0.05491845 0.1895848 1

-0.7226728 0.689125 -0.05339329 0
-0.6879063 -0.7246112 -0.04151384 0
-0.0672976 0.006728664 0.9977102 0
-0.6263874 0.04622276 0.03855679 1

-0.7226728 -0.689125 0.05339329 0
-0.6879063 0.7246112 0.04151384 0
-0.0672976 -0.006728664 -0.9977102 0
0.6263879 0.0462229 0.03855649 1

-1 1.224647E-16 1.224647E-16 0
1.224647E-16 1 -1.224647E-16 0
-1.224647E-16 -1.224647E-16 -1 0
0 -0.01582639 0 1

-1 1.224647E-16 1.224647E-16 0
1.177225E-16 0.9992777 -0.03800092 0
-1.2703E-16 -0.03800092 -0.9992777 0
-1.149651E-17 -0.02290705 -0.0867955 1

-0.9867446 0.1622811 1.009677E-16 0
0.1622811 0.9867446 -1.407151E-16 0
-1.224647E-16 -1.224647E-16 -1 0
-0.1241105 -0.02290705 -0.0751341 1

-0.9867446 -0.1622811 1.605896E-16 0
0.1622811 -0.9867445 2.234217E-16 0
1.222038E-16 2.465209E-16 1 0
0.1241108 -0.02290702 -0.07513382 1

-1 1.224647E-16 1.224647E-16 0
1.30618E-16 0.9976196 0.06895749 0
-1.137283E-16 0.06895749 -0.9976196 0
-3.084124E-17 -0.04397618 -0.223688 1

-1 1.224647E-16 1.224647E-16 0
1.029444E-16 0.9889374 -0.1483329 0
-1.392755E-16 -0.1483329 -0.9889374 0
2.884489E-18 -0.05650478 0.06423203 1

-0.9498995 0.3053313 -0.06681168 0
-0.3053005 -0.9521934 -0.01092094 0
-0.06695215 0.01002384 0.9977058 0
-0.3281304 -0.01330507 0.007009655 1

-0.9498995 -0.3053312 0.06681168 0
-0.3053005 0.9521934 0.01092094 0
-0.06695215 -0.01002384 -0.9977058 0
0.32813 -0.01330519 0.007009178 1

-1 1.224647E-16 1.224647E-16 0
1.420189E-16 0.9845458 0.1751268 0
-9.912525E-17 0.1751268 -0.9845458 0
-5.408921E-17 -0.05923979 -0.3982585 1

-1 1.224647E-16 1.224647E-16 0
1.029444E-16 0.9889374 -0.1483329 0
-1.392755E-16 -0.1483329 -0.9889374 0
1.816995E-17 -0.05750903 0.1900516 1

-0.4700001 0.8817413 -0.04039863 0
-0.8801234 -0.4716267 -0.05432327 0
-0.06695215 0.01002384 0.9977058 0
-0.6185147 0.07946222 0.03867383 1

-0.4700002 -0.8817412 0.04039864 0
-0.8801234 0.4716267 0.05432327 0
-0.06695215 -0.01002384 -0.9977058 0
0.6185152 0.07946239 0.03867353 1

-1 1.224647E-16 1.224647E-16 0
1.224647E-16 1 -1.224647E-16 0
-1.224647E-16 -1.224647E-16 -1 0
0 -0.01875466 0 1

-1 1.224647E-16 1.224647E-16 0
1.167058E-16 0.9989429 -0.04596805 0
-1.279647E-16 -0.04596805 -0.9989429 0
-1.149651E-17 -0.02583532 -0.0867955 1

-0.9852972 0.1708492 9.974112E-17 0
0.1708492 0.9852972 -1.415871E-16 0
-1.224647E-16 -1.224647E-16 -1 0
-0.1241105 -0.02583532 -0.0751341 1

-0.9852972 -0.1708492 1.625045E-16 0
0.1708492 -0.9852972 2.220003E-16 0
1.221867E-16 2.465E-16 1 0
0.1241108 -0.02583529 -0.07513382 1

-1 1.224647E-16 1.224647E-16 0
1.306655E-16 0.9975907 0.06937405 0
-1.136738E-16 0.06937405 -0.9975907 0
-3.095373E-17 -0.04799538 -0.2235156 1

-1 1.224647E-16 1.224647E-16 0
1.027583E-16 0.9887385 -0.1496537 0
-1.394128E-16 -0.1496537 -0.9887385 0
3.064325E-18 -0.05822767 0.06449512 1

-0.9446415 0.3213114 -0.06641777 0
-0.321272 -0.9469164 -0.01156582 0
-0.06660829 0.01041261 0.9977249 0
-0.3280392 -0.01446089 0.007009655 1

-0.9446415 -0.3213114 0.06641777 0
-0.321272 0.9469164 0.01156582 0
-0.06660829 -0.01041261 -0.9977249 0
0.3280389 -0.01446102 0.007009178 1

-1 1.224647E-16 1.224647E-16 0
1.428867E-16 0.9829649 0.1837931 0
-9.787034E-17 0.1837931 -0.9829649 0
-5.419356E-17 -0.06318609 -0.3980925 1

-1 1.224647E-16 1.224647E-16 0
1.027583E-16 0.9887385 -0.1496537 0
-1.394128E-16 -0.1496537 -0.9887385 0
1.837052E-17 -0.05906387 0.1903159 1

-0.3871442 0.921337 -0.03546122 0
-0.9196101 -0.3886255 -0.05733751 0
-0.06660829 0.01041261 0.9977249 0
-0.6168172 0.0831532 0.03879381 1

-0.3871443 -0.921337 0.03546122 0
-0.9196101 0.3886255 0.05733751 0
-0.06660829 -0.01041261 -0.9977249 0
0.6168177 0.08315337 0.03879351 1

-1 1.224647E-16 1.224647E-16 0
1.224647E-16 1 -1.224647E-16 0
-1.224647E-16 -1.224647E-16 -1 0
0 -0.01750529 0 1

-1 1.224647E-16 1.224647E-16 0
1.168917E-16 0.9990087 -0.04451573 0
-1.277949E-16 -0.04451573 -0.9990087 0
-1.149651E-17 -0.02458595 -0.0867955 1

-0.9899532 0.1413952 1.039184E-16 0
0.1413952 0.9899532 -1.385502E-16 0
-1.224647E-16 -1.224647E-16 -1 0
-0.1241105 -0.02458595 -0.0751341 1

-0.9899532 -0.1413951 1.55839E-16 0
0.1413951 -0.9899533 2.261129E-16 0
1.223021E-16 2.458761E-16 1 0
0.1241108 -0.02458593 -0.07513382 1

-1 1.224647E-16 1.224647E-16 0
1.293087E-16 0.9983431 0.05754284 0
-1.152148E-16 0.05754284 -0.9983431 0
-3.093331E-17 -0.04654722 -0.2235477 1

-1 1.224647E-16 1.224647E-16 0
1.037834E-16 0.989815 -0.1423591 0
-1.386513E-16 -0.1423591 -0.989815 0
3.031609E-18 -0.05719822 0.06444789 1

-0.9640729 0.2573968 -0.06565251 0
-0.2573469 -0.9662738 -0.009361173 0
-0.06584784 0.007870619 0.9977987 0
-0.3282877 -0.01929702 0.007009655 1

-0.9640729 -0.2573968 0.06565251 0
-0.2573469 0.9662739 0.009361173 0
-0.06584784 -0.007870618 -0.9977987 0
0.3282873 -0.01929713 0.007009178 1

-1 1.224647E-16 1.224647E-16 0
1.403789E-16 0.9872783 0.159002 0
-1.014346E-16 0.159002 -0.9872783 0
-5.440291E-17 -0.06380646 -0.3979323 1

-1 1.224647E-16 1.224647E-16 0
1.037834E-16 0.989815 -0.1423591 0
-1.386513E-16 -0.1423591 -0.989815 0
1.822301E-17 -0.05896214 0.190259 1

-0.5056883 0.8617806 -0.04016966 0
-0.8601996 -0.5072203 -0.0527663 0
-0.06584784 0.007870619 0.9977987 0
-0.6228968 0.05888034 0.03902873 1

-0.5056883 -0.8617806 0.04016966 0
-0.8601996 0.5072203 0.0527663 0
-0.06584784 -0.007870618 -0.9977987 0
0.6228973 0.05888049 0.03902844 1

-1 1.224647E-16 1.224647E-16 0
1.224647E-16 1 -1.224647E-16 0
-1.224647E-16 -1.224647E-16 -1 0
0 -0.01275231 0 1

-1 1.224647E-16 1.224647E-16 0
1.178914E-16 0.9993274 -0.03667081 0
-1.268732E-16 -0.03667081 -0.9993274 0
-1.149651E-17 -0.01983297 -0.0867955 1

-0.9969195 0.07843199 1.124823E-16 0
0.07843199 0.9969195 -1.316926E-16 0
-1.224647E-16 -1.224647E-16 -1 0
-0.1241105 -0.01983297 -0.0751341 1

-0.9969195 -0.07843197 1.412761E-16 0
0.07843197 -0.9969196 2.348254E-16 0
1.224231E-16 2.451826E-16 1 0
0.1241108 -0.01983295 -0.07513382 1

-1 1.224647E-16 1.224647E-16 0
1.273824E-16 0.9991593 0.04099679 0
-1.173411E-16 0.04099679 -0.9991593 0
-3.082234E-17 -0.04071988 -0.2237159 1

-1 1.224647E-16 1.224647E-16 0
1.059772E-16 0.9919557 -0.1265859 0
-1.369819E-16 -0.1265859 -0.9919557 0
2.854382E-18 -0.05363169 0.06418718 1

-0.991706 0.1114369 -0.0640403 0
-0.1113971 -0.9937672 -0.004203792 0
-0.06410959 0.002964975 0.9979385 0
-0.3282129 -0.02748225 0.007009655 1

-0.991706 -0.1114369 0.06404031 0
-0.111397 0.9937674 0.004203793 0
-0.06410959 -0.002964973 -0.9979388 0
0.3282126 -0.02748231 0.007009201 1

-1 1.224647E-16 1.224647E-16 0
1.361049E-16 0.9929641 0.1184171 0
-1.071011E-16 0.1184171 -0.9929641 0
-5.460748E-17 -0.06086554 -0.3977907 1

-1 1.224647E-16 1.224647E-16 0
1.059772E-16 0.9919557 -0.1265859 0
-1.369819E-16 -0.1265859 -0.9919557 0
1.779518E-17 -0.05739797 0.1899543 1

-0.7376939 0.6733263 -0.04939147 0
-0.6720846 -0.7393396 -0.04097943 0
-0.06410959 0.002964975 0.9979385 0
-0.6310816 0.006354376 0.03952284 1

-0.7376938 -0.6733264 0.04939148 0
-0.6720846 0.7393397 0.04097944 0
-0.06410959 -0.002964973 -0.9979388 0
0.6310821 0.006354428 0.03952257 1

-1 1.224647E-16 1.224647E-16 0
1.224647E-16 1 -1.224647E-16 0
-1.224647E-16 -1.224647E-16 -1 0
0 -0.005867468 0 1

-1 1.224647E-16 1.224647E-16 0
1.192594E-16 0.9996661 -0.0258388 0
-1.255881E-16 -0.0258388 -0.9996661 0
-1.149651E-17 -0.01294813 -0.0867955 1

-0.9999102 -0.01339846 1.240945E-16 0
-0.01339846 0.9999102 -1.208129E-16 0
-1.224647E-16 -1.224647E-16 -1 0
-0.1241105 -0.01294813 -0.0751341 1

-0.9999102 0.01339846 1.19183E-16 0
-0.01339846 -0.9999104 2.466143E-16 0
1.224766E-16 2.449953E-16 1 0
0.1241108 -0.0129481 -0.07513382 1

-1 1.224647E-16 1.224647E-16 0
1.24825E-16 0.9998106 0.01946257 0
-1.20058E-16 0.01946257 -0.9998106 0
-3.066721E-17 -0.03234998 -0.2239342 1

-1 1.224647E-16 1.224647E-16 0
1.089386E-16 0.9944798 -0.1049287 0
-1.346387E-16 -0.1049287 -0.9944798 0
2.608303E-18 -0.04838108 0.06381202 1

-0.9924624 -0.106002 -0.06149708 0
0.1059938 -0.994361 0.00340431 0
-0.06151116 -0.003139659 0.9981015 0
-0.3266493 -0.03929807 0.007009655 1

-0.9924624 0.106002 0.06149708 0
0.1059938 0.9943611 -0.00340431 0
-0.06151116 0.00313966 -0.9981015 0
0.326649 -0.03929807 0.007009178 1

-1 1.224647E-16 1.224647E-16 0
1.301343E-16 0.9979032 0.064724 0
-1.142815E-16 0.064724 -0.9979032 0
-5.485292E-17 -0.05624102 -0.3975345 1

-1 1.224647E-16 1.224647E-16 0
1.089386E-16 0.9944798 -0.1049287 0
-1.346387E-16 -0.1049287 -0.9944798 0
1.719969E-17 -0.05488849 0.1894672 1

-0.9503601 0.3057728 -0.0576071 0
-0.3050114 -0.9520993 -0.02179224 0
-0.06151116 -0.003139659 0.9981015 0
-0.6296166 -0.07145502 0.04029929 1

-0.9503601 -0.3057728 0.0576071 0
-0.3050114 0.9520994 0.02179225 0
-0.06151116 0.00313966 -0.9981015 0
0.6296172 -0.07145508 0.040299 1

-1 1.224647E-16 1.224647E-16 0
1.224647E-16 1 -1.224647E-16 0
-1.224647E-16 -1.224647E-16 -1 0
0 0.00239875 0 1

-1 1.224647E-16 1.224647E-16 0
1.208561E-16 0.9999148 -0.01304989 0
-1.240524E-16 -0.01304989 -0.9999148 0
-1.149651E-17 -0.004681909 -0.0867955 1

-0.9922382 -0.1243513 1.367428E-16 0
-0.1243513 0.9922382 -1.062855E-16 0
-1.224647E-16 -1.224647E-16 -1 0
-0.1241105 -0.004681909 -0.0751341 1

-0.9922382 0.1243513 9.113264E-17 0
-0.1243513 -0.9922384 2.595955E-16 0
1.227064E-16 2.462481E-16 1 0
0.1241108 -0.004681882 -0.07513382 1

-1 1.224647E-16 1.224647E-16 0
1.218592E-16 0.9999878 -0.004932238 0
-1.230672E-16 -0.004932238 -0.9999878 0
-3.048121E-17 -0.02232802 -0.2241712 1

-1 1.224647E-16 1.224647E-16 0
1.123499E-16 0.9968401 -0.07943334 0
-1.318055E-16 -0.07943334 -0.9968401 0
2.315726E-18 -0.0420384 0.06334648 1

-0.9318128 -0.3582245 -0.05831107 0
0.3581347 -0.9335883 0.01234196 0
-0.05885972 -0.009382819 0.9982222 0
-0.3224707 -0.05335996 0.007009655 1

-0.9318128 0.3582245 0.05831108 0
0.3581347 0.9335884 -0.01234197 0
-0.05885972 0.00938282 -0.9982225 0
0.3224703 -0.05335988 0.007009201 1

-1 1.224647E-16 1.224647E-16 0
1.228542E-16 0.9999949 0.003185743 0
-1.220739E-16 0.003185743 -0.9999949 0
-5.510696E-17 -0.0504467 -0.3971371 1

-1 1.224647E-16 1.224647E-16 0
1.123499E-16 0.9968401 -0.07943334 0
-1.318055E-16 -0.07943334 -0.9968401 0
1.648795E-17 -0.05176074 0.1887938 1

-0.9794347 -0.1927689 -0.05956387 0
0.1929851 -0.9811993 0.002156467 0
-0.05885972 -0.009382819 0.9982222 0
-0.6069872 -0.1620254 0.04126767 1

-0.9794347 0.1927689 0.05956388 0
0.1929851 0.9811994 -0.002156468 0
-0.05885972 0.00938282 -0.9982225 0
0.6069877 -0.1620256 0.04126741 1

-1 1.224647E-16 1.224647E-16 0
1.224647E-16 1 -1.224647E-16 0
-1.224647E-16 -1.224647E-16 -1 0
0 0.01129584 0 1

-1 1.224647E-16 1.224647E-16 0
1.225457E-16 0.9999998 0.0006620609 0
-1.223836E-16 0.0006620609 -0.9999998 0
-1.149651E-17 0.004215181 -0.0867955 1

-0.9705158 -0.2410375 1.483725E-16 0
-0.2410375 0.9705158 -8.933533E-17 0
-1.224647E-16 -1.224647E-16 -1 0
-0.1241105 0.004215181 -0.0751341 1

-0.9705158 0.2410375 5.991001E-17 0
-0.2410375 -0.970516 2.712856E-16 0
1.235336E-16 2.488464E-16 1 0
0.1241108 0.004215208 -0.07513382 1

-1 1.224647E-16 1.224647E-16 0
1.187307E-16 0.9995487 -0.03003865 0
-1.260881E-16 -0.03003865 -0.9995487 0
-3.027837E-17 -0.01154559 -0.2244002 1

-1 1.224647E-16 1.224647E-16 0
1.159083E-16 0.9986379 -0.05217503 0
-1.286875E-16 -0.05217503 -0.9986379 0
1.999574E-18 -0.03519652 0.06282013 1

-0.7999828 -0.5974929 -0.05504245 0
0.5972998 -0.8017241 0.02170856 0
-0.05709957 -0.01551038 0.998248 0
-0.315306 -0.06762204 0.007009655 1

-0.7999828 0.5974931 0.05504247 0
0.5972999 0.8017243 -0.02170856 0
-0.05709957 0.01551038 -0.9982482 0
0.3153057 -0.06762187 0.007009201 1

-1 1.224647E-16 1.224647E-16 0
1.148038E-16 0.9981554 -0.06071104 0
-1.296738E-16 -0.06071104 -0.9981554 0
-5.534175E-17 -0.04399827 -0.3966056 1

-1 1.224647E-16 1.224647E-16 0
1.159083E-16 0.9986379 -0.05217503 0
-1.286875E-16 -0.05217503 -0.9986379 0
1.571435E-17 -0.04834183 0.1879551 1

-0.7433395 -0.6668208 -0.05287966 0
0.6664727 -0.7450566 0.02654571 0
-0.05709957 -0.01551038 0.998248 0
-0.5599182 -0.2488789 0.04225606 1

-0.7433395 0.666821 0.05287967 0
0.6664728 0.7450567 -0.02654572 0
-0.05709957 0.01551038 -0.9982482 0
0.5599185 -0.2488792 0.0422558 1

-1 1.224647E-16 1.224647E-16 0
1.224647E-16 1 -1.224647E-16 0
-1.224647E-16 -1.224647E-16 -1 0
0 0.02007329 0 1

-1 1.224647E-16 1.224647E-16 0
1.241987E-16 0.9998983 0.01426069 0
-1.207058E-16 0.01426069 -0.9998983 0
-1.149651E-17 0.01299263 -0.0867955 1

-0.9366076 -0.3503801 1.576105E-16 0
-0.3503801 0.9366076 -7.179217E-17 0
-1.224647E-16 -1.224647E-16 -1 0
-0.1241105 0.01299263 -0.0751341 1

-0.9366076 0.3503802 2.891362E-17 0
-0.3503802 -0.9366076 2.802184E-16 0
1.252637E-16 2.523239E-16 1 0
0.1241108 0.01299266 -0.07513382 1

-1 1.224647E-16 1.224647E-16 0
1.157103E-16 0.9985566 -0.05371036 0
-1.288655E-16 -0.05371036 -0.9985566 0
-3.007372E-17 -0.0008954406 -0.2246018 1

-1 1.224647E-16 1.224647E-16 0
1.193329E-16 0.999681 -0.02525424 0
-1.255184E-16 -0.02525424 -0.999681 0
1.683528E-18 -0.02845001 0.06227035 1

-0.6163635 -0.7857362 -0.0521011 0
0.7854366 -0.6181735 0.03083909 0
-0.0564389 -0.02191401 0.9981656 0
-0.3058427 -0.08022594 0.007009655 1

-0.6163635 0.7857363 0.0521011 0
0.7854367 0.6181735 -0.03083909 0
-0.0564389 0.02191402 -0.9981656 0
0.3058424 -0.08022571 0.007009178 1

-1 1.224647E-16 1.224647E-16 0
1.066871E-16 0.9925997 -0.1214332 0
-1.364297E-16 -0.1214332 -0.9925997 0
-5.553553E-17 -0.0374187 -0.39599 1

-1 1.224647E-16 1.224647E-16 0
1.193329E-16 0.999681 -0.02525424 0
-1.255184E-16 -0.02525424 -0.999681 0
1.493714E-17 -0.0449615 0.1870058 1

-0.3190147 -0.9469541 -0.03882764 0
0.9460678 -0.320621 0.04645415 0
-0.0564389 -0.02191401 0.9981656 0
-0.4949638 -0.3186778 0.04313998 1

-0.3190146 0.9469541 0.03882764 0
0.9460679 0.3206209 -0.04645415 0
-0.0564389 0.02191402 -0.9981656 0
0.4949639 -0.3186783 0.0431397 1

-1 1.224647E-16 1.224647E-16 0
1.224647E-16 1 -1.224647E-16 0
-1.224647E-16 -1.224647E-16 -1 0
0 0.02798061 0 1

-1 1.224647E-16 1.224647E-16 0
1.25692E-16 0.9996433 0.02670951 0
-1.1915E-16 0.02670951 -0.9996433 0
-1.149651E-17 0.02089995 -0.0867955 1

-0.897699 -0.4406092 1.638955E-16 0
-0.4406092 0.897699 -5.597736E-17 0
-1.224647E-16 -1.224647E-16 -1 0
-0.1241105 0.02089995 -0.0751341 1

-0.897699 0.4406092 2.004179E-18 0
-0.4406092 -0.8976991 2.862922E-16 0
1.279421E-16 2.561212E-16 1 0
0.1241108 0.02089998 -0.07513382 1

-1 1.224647E-16 1.224647E-16 0
1.130887E-16 0.9972708 -0.0738311 0
-1.311722E-16 -0.0738311 -0.9972708 0
-2.988333E-17 0.008728808 -0.2247641 1

-1 1.224647E-16 1.224647E-16 0
1.223689E-16 0.9999997 -0.0007819925 0
-1.225604E-16 -0.0007819925 -0.9999997 0
1.392014E-18 -0.02239553 0.06174279 1

-0.4208843 -0.9057688 -0.04939017 0
0.9053706 -0.4228266 0.03901084 0
-0.05621827 -0.02829735 0.9980174 0
-0.2958167 -0.08970419 0.007009655 1

-0.4208843 0.9057688 0.04939017 0
0.9053706 0.4228267 -0.03901084 0
-0.05621827 0.02829735 -0.9980174 0
0.2958164 -0.08970387 0.007009178 1

-1 1.224647E-16 1.224647E-16 0
9.934175E-17 0.9848119 -0.173625 0
-1.418676E-16 -0.173625 -0.9848119 0
-5.567294E-17 -0.03124235 -0.3953811 1

-1 1.224647E-16 1.224647E-16 0
1.223689E-16 0.9999997 -0.0007819925 0
-1.225604E-16 -0.0007819925 -0.9999997 0
1.421834E-17 -0.04195466 0.1860368 1

0.1262738 -0.9917731 -0.02100731 0
0.9904011 0.1248423 0.05932897 0
-0.05621827 -0.02829735 0.9980174 0
-0.4258856 -0.3647476 0.04395092 1

0.1262738 0.9917731 0.02100731 0
0.9904011 -0.1248423 -0.05932897 0
-0.05621827 0.02829735 -0.9980174 0
0.4258857 -0.3647481 0.04395062 1

-1 1.224647E-16 1.224647E-16 0
1.224647E-16 1 -1.224647E-16 0
-1.224647E-16 -1.224647E-16 -1 0
0 0.0342673 0 1

-1 1.224647E-16 1.224647E-16 0
1.26909E-16 0.9993162 0.0369743 0
-1.178529E-16 0.0369743 -0.9993162 0
-1.149651E-17 0.02718664 -0.0867955 1

-0.864413 -0.5027823 1.674331E-16 0
-0.5027823 0.864413 -4.428699E-17 0
-1.224647E-16 -1.224647E-16 -1 0
-0.1241105 0.02718664 -0.0751341 1

-0.864413 0.5027823 -1.734765E-17 0
-0.5027823 -0.8644131 2.896722E-16 0
1.306465E-16 2.591185E-16 1 0
0.1241108 0.02718667 -0.07513382 1

-1 1.224647E-16 1.224647E-16 0
1.11188E-16 0.9961041 -0.08818538 0
-1.327872E-16 -0.08818538 -0.9961041 0
-2.972414E-17 0.01643306 -0.2248818 1

-1 1.224647E-16 1.224647E-16 0
1.247857E-16 0.9998169 0.01913559 0
-1.200988E-16 0.01913559 -0.9998169 0
1.150063E-18 -0.01763202 0.0612903 1

-0.2595542 -0.9645774 -0.04713738 0
0.9640934 -0.2616453 0.0454537 0
-0.05617688 -0.03364713 0.9978539 0
-0.2875945 -0.09524412 0.007009655 1

-0.2595542 0.9645776 0.04713738 0
0.9640934 0.2616454 -0.0454537 0
-0.05617688 0.03364713 -0.9978539 0
0.2875942 -0.09524376 0.007009178 1

-1 1.224647E-16 1.224647E-16 0
9.372406E-17 0.9772777 -0.2119627 0
-1.4564E-16 -0.2119627 -0.9772777 0
-5.574149E-17 -0.02599104 -0.3949055 1

-1 1.224647E-16 1.224647E-16 0
1.247857E-16 0.9998169 0.01913559 0
-1.200988E-16 0.01913559 -0.9998169 0
1.362296E-17 -0.03966289 0.1851701 1

0.4508452 -0.8925898 -0.004716134 0
0.8908327 0.4496125 0.06531255 0
-0.05617688 -0.03364713 0.9978539 0
-0.3689336 -0.3883323 0.0446227 1

0.4508452 0.89259 0.004716136 0
0.8908327 -0.4496124 -0.06531255 0
-0.05617688 0.03364713 -0.9978539 0
0.3689336 -0.3883328 0.04462242 1

-1 1.224647E-16 1.224647E-16 0
1.224647E-16 1 -1.224647E-16 0
-1.224647E-16 -1.224647E-16 -1 0
0 0.03818286 0 1

-1 1.224647E-16 1.224647E-16 0
1.277373E-16 0.9990305 0.0440241 0
-1.169546E-16 0.0440241 -0.9990305 0
-1.149651E-17 0.0311022 -0.0867955 1

-0.8436233 -0.5369354 1.690697E-16 0
-0.5369354 0.8436233 -3.755844E-17 0
-1.224647E-16 -1.224647E-16 -1 0
-0.1241105 0.0311022 -0.0751341 1

-0.8436233 0.5369354 -2.826589E-17 0
-0.5369354 -0.8436234 2.913311E-16 0
1.325802E-16 2.609507E-16 1 0
0.1241108 0.03110223 -0.07513382 1

-1 1.224647E-16 1.224647E-16 0
1.102174E-16 0.9954351 -0.09544148 0
-1.335939E-16 -0.09544148 -0.9954351 0
-2.961367E-17 0.02132316 -0.2249542 1

-1 1.224647E-16 1.224647E-16 0
1.26369E-16 0.9994748 0.0324061 0
-1.184318E-16 0.0324061 -0.9994748 0
9.830694E-19 -0.01476017 0.0609704 1

-0.1636588 -0.9854531 -0.04580333 0
0.9849103 -0.1658648 0.04940162 0
-0.05628014 -0.03702717 0.9977282 0
-0.2825696 -0.09776598 0.007009655 1

-0.1636588 0.9854531 0.04580333 0
0.9849103 0.1658649 -0.04940162 0
-0.05628014 0.03702717 -0.9977282 0
0.2825693 -0.09776558 0.007009178 1

-1 1.224647E-16 1.224647E-16 0
9.055228E-17 0.9724649 -0.2330494 0
-1.476329E-16 -0.2330494 -0.9724649 0
-5.574419E-17 -0.02233875 -0.3946643 1

-1 1.224647E-16 1.224647E-16 0
1.26369E-16 0.9994748 0.0324061 0
-1.184318E-16 0.0324061 -0.9994748 0
1.321766E-17 -0.03843356 0.1845468 1

0.6089163 -0.7932193 0.004910378 0
0.7912355 0.6078092 0.06718893 0
-0.05628014 -0.03702717 0.9977282 0
-0.3349499 -0.3973374 0.04501903 1

0.6089162 0.7932194 -0.004910376 0
0.7912356 -0.6078091 -0.06718894 0
-0.05628014 0.03702717 -0.9977282 0
0.3349498 -0.3973379 0.04501874 1

-1 1.224647E-16 1.224647E-16 0
1.224647E-16 1 -1.224647E-16 0
-1.224647E-16 -1.224647E-16 -1 0
0 0.03921061 0 1

-1 1.224647E-16 1.224647E-16 0
1.280653E-16 0.9989029 0.04683004 0
-1.165953E-16 0.04683004 -0.9989029 0
-1.149651E-17 0.03212995 -0.0867955 1

-0.8394172 -0.5434877 1.69357E-16 0
-0.5434877 0.8394172 -3.624091E-17 0
-1.224647E-16 -1.224647E-16 -1 0
-0.1241105 0.03212995 -0.0751341 1

-0.8394172 0.5434877 -3.033297E-17 0
-0.5434877 -0.8394173 2.917845E-16 0
1.331193E-16 2.614145E-16 1 0
0.1241108 0.03212998 -0.07513382 1

-1 1.224647E-16 1.224647E-16 0
1.099194E-16 0.9952198 -0.09765948 0
-1.338391E-16 -0.09765948 -0.9952198 0
-2.956943E-17 0.02273901 -0.2249812 1

-1 1.224647E-16 1.224647E-16 0
1.269059E-16 0.9993171 0.03694842 0
-1.178562E-16 0.03694842 -0.9993171 0
9.164156E-19 -0.01414729 0.060841 1

-0.1505418 -0.987545 -0.04573871 0
0.9869833 -0.152782 0.0502155 0
-0.05657812 -0.03758381 0.9976906 0
-0.2815615 -0.09796811 0.007009655 1

-0.1505418 0.9875451 0.04573872 0
0.9869833 0.1527821 -0.05021551 0
-0.05657812 0.03758381 -0.9976908 0
0.2815612 -0.09796771 0.007009201 1

-1 1.224647E-16 1.224647E-16 0
8.947724E-17 0.9707459 -0.2401088 0
-1.482869E-16 -0.2401088 -0.9707459 0
-5.57343E-17 -0.02130098 -0.3945935 1

-1 1.224647E-16 1.224647E-16 0
1.269059E-16 0.9993171 0.03694842 0
-1.178562E-16 0.03694842 -0.9993171 0
1.306892E-17 -0.03838209 0.1843086 1

0.6273291 -0.7787292 0.006239897 0
0.7766963 0.6262334 0.06763645 0
-0.05657812 -0.03758381 0.9976906 0
-0.3299953 -0.3982006 0.04503657 1

0.6273291 0.7787293 -0.006239898 0
0.7766963 -0.6262334 -0.06763646 0
-0.05657812 0.03758381 -0.9976908 0
0.3299952 -0.3982011 0.04503632 1

-1 1.224647E-16 1.224647E-16 0
1.224647E-16 1 -1.224647E-16 0
-1.224647E-16 -1.224647E-16 -1 0
0 0.03815969 0 1

-1 1.224647E-16 1.224647E-16 0
1.278544E-16 0.9989859 0.04502437 0
-1.168266E-16 0.04502437 -0.9989859 0
-1.149651E-17 0.03107903 -0.0867955 1

-0.8521318 -0.5233273 1.684452E-16 0
-0.5233273 0.8521318 -4.026694E-17 0
-1.224647E-16 -1.224647E-16 -1 0
-0.1241105 0.03107903 -0.0751341 1

-0.8521318 0.5233273 -2.378816E-17 0
-0.5233273 -0.8521318 2.909462E-16 0
1.319894E-16 2.603735E-16 1 0
0.1241108 0.03107906 -0.07513382 1

-1 1.224647E-16 1.224647E-16 0
1.100623E-16 0.9953236 -0.09659667 0
-1.337217E-16 -0.09659667 -0.9953236 0
-2.959792E-17 0.02143833 -0.224964 1

-1 1.224647E-16 1.224647E-16 0
1.262429E-16 0.9995087 0.03134308 0
-1.185661E-16 0.03134308 -0.9995087 0
9.593202E-19 -0.01493127 0.0609244 1

-0.2078825 -0.9770367 -0.04673528 0
0.9764815 -0.2100828 0.04846741 0
-0.05717272 -0.03556061 0.9977307 0
-0.2846174 -0.09522951 0.007009655 1

-0.2078825 0.9770367 0.04673528 0
0.9764815 0.2100829 -0.04846741 0
-0.05717272 0.03556061 -0.9977307 0
0.2846171 -0.09522911 0.007009178 1

-1 1.224647E-16 1.224647E-16 0
9.006129E-17 0.9716852 -0.236279 0
-1.47933E-16 -0.236279 -0.9716852 0
-5.574634E-17 -0.02242051 -0.3946232 1

-1 1.224647E-16 1.224647E-16 0
1.262429E-16 0.9995087 0.03134308 0
-1.185661E-16 0.03134308 -0.9995087 0
1.321309E-17 -0.03847321 0.1845259 1

0.5481595 -0.8363723 0.001601499 0
0.8344173 0.5470073 0.06731056 0
-0.05717272 -0.03556061 0.9977307 0
-0.3504013 -0.3921816 0.04473768 1

0.5481596 0.8363724 -0.001601502 0
0.8344174 -0.5470073 -0.06731056 0
-0.05717272 0.03556061 -0.9977307 0
0.3504013 -0.3921821 0.04473741 1

-1 1.224647E-16 1.224647E-16 0
1.224647E-16 1 -1.224647E-16 0
-1.224647E-16 -1.224647E-16 -1 0
0 0.03548919 0 1

-1 1.224647E-16 1.224647E-16 0
1.273784E-16 0.9991606 0.04096301 0
-1.173454E-16 0.04096301 -0.9991606 0
-1.149651E-17 0.02840853 -0.0867955 1

-0.8747724 -0.484534 1.66467E-16 0
-0.484534 0.8747724 -4.779043E-17 0
-1.224647E-16 -1.224647E-16 -1 0
-0.1241105 0.02840853 -0.0751341 1

-0.8747724 0.484534 -1.139753E-17 0
-0.484534 -0.8747725 2.890893E-16 0
1.301034E-16 2.584098E-16 1 0
0.1241108 0.02840855 -0.07513382 1

-1 1.224647E-16 1.224647E-16 0
1.107739E-16 0.9958246 -0.09128682 0
-1.331328E-16 -0.09128682 -0.9958246 0
-2.966175E-17 0.01820624 -0.2249236 1

-1 1.224647E-16 1.224647E-16 0
1.245855E-16 0.9998474 0.01747048 0
-1.203065E-16 0.01747048 -0.9998474 0
1.055662E-18 -0.01700089 0.06111022 1

-0.3140797 -0.9481538 -0.04856187 0
0.9476377 -0.3161996 0.04472914 0
-0.05776536 -0.03197055 0.9978182 0
-0.2901274 -0.09056495 0.007009655 1

-0.3140797 0.9481539 0.04856189 0
0.9476377 0.3161997 -0.04472915 0
-0.05776536 0.03197055 -0.9978185 0
0.2901271 -0.09056461 0.007009201 1

-1 1.224647E-16 1.224647E-16 0
9.223079E-17 0.9750606 -0.221939 0
-1.465902E-16 -0.221939 -0.9750606 0
-5.572763E-17 -0.02474711 -0.3948144 1

-1 1.224647E-16 1.224647E-16 0
1.245855E-16 0.9998474 0.01747048 0
-1.203065E-16 0.01747048 -0.9998474 0
1.35583E-17 -0.03882542 0.1850265 1

0.3945316 -0.9188586 -0.006600555 0
0.9170649 0.3932895 0.06569159 0
-0.05776536 -0.03197055 0.9978182 0
-0.3880179 -0.378604 0.04419061 1

0.3945316 0.9188588 0.006600558 0
0.9170649 -0.3932895 -0.06569161 0
-0.05776536 0.03197055 -0.9978185 0
0.3880179 -0.3786045 0.04419035 1

-1 1.224647E-16 1.224647E-16 0
1.224647E-16 1 -1.224647E-16 0
-1.224647E-16 -1.224647E-16 -1 0
0 0.0315493 0 1

-1 1.224647E-16 1.224647E-16 0
1.267265E-16 0.9993722 0.03542806 0
-1.180491E-16 0.03542806 -0.9993722 0
-1.149651E-17 0.02446865 -0.0867955 1

-0.9024926 -0.4307054 1.632697E-16 0
-0.4307054 0.9024926 -5.777727E-17 0
-1.224647E-16 -1.224647E-16 -1 0
-0.1241105 0.02446865 -0.0751341 1

-0.9024926 0.4307054 5.271013E-18 0
-0.4307054 -0.9024928 2.85994E-16 0
1.279362E-16 2.558372E-16 1 0
0.1241108 0.02446867 -0.07513382 1

-1 1.224647E-16 1.224647E-16 0
1.119669E-16 0.9966055 -0.08232613 0
-1.32131E-16 -0.08232613 -0.9966055 0
-2.974825E-17 0.01350142 -0.224865 1

-1 1.224647E-16 1.224647E-16 0
1.22243E-16 0.9999984 -0.001808319 0
-1.226859E-16 -0.001808319 -0.9999984 0
1.186603E-18 -0.02012084 0.06135949 1

-0.451363 -0.8908856 -0.05093425 0
0.8904374 -0.4533918 0.03945947 0
-0.05824706 -0.02754322 0.9979222 0
-0.2970233 -0.08423957 0.007009655 1

-0.451363 0.8908857 0.05093426 0
0.8904374 0.453392 -0.03945949 0
-0.05824706 0.02754322 -0.9979224 0
0.297023 -0.08423925 0.007009201 1

-1 1.224647E-16 1.224647E-16 0
9.565397E-17 0.980012 -0.1989381 0
-1.443798E-16 -0.1989381 -0.980012 0
-5.567325E-17 -0.0279221 -0.3951352 1

-1 1.224647E-16 1.224647E-16 0
1.22243E-16 0.9999984 -0.001808319 0
-1.226859E-16 -0.001808319 -0.9999984 0
1.4031E-17 -0.03955239 0.1856735 1

0.169357 -0.9854026 -0.01731259 0
0.9838321 0.1679967 0.06206144 0
-0.05824706 -0.02754322 0.9979222 0
-0.4364031 -0.3547477 0.04347958 1

0.169357 0.9854028 0.01731259 0
0.9838321 -0.1679966 -0.06206146 0
-0.05824706 0.02754322 -0.9979224 0
0.4364032 -0.3547482 0.04347932 1

-1 1.224647E-16 1.224647E-16 0
1.224647E-16 1 -1.224647E-16 0
-1.224647E-16 -1.224647E-16 -1 0
0 0.02669026 0 1

-1 1.224647E-16 1.224647E-16 0
1.259586E-16 0.9995809 0.02894943 0
-1.188681E-16 0.02894943 -0.9995809 0
-1.149651E-17 0.0196096 -0.0867955 1

-0.9309964 -0.3650284 1.587173E-16 0
-0.3650284 0.9309964 -6.93111E-17 0
-1.224647E-16 -1.224647E-16 -1 0
-0.1241105 0.0196096 -0.0751341 1

-0.9309964 0.3650284 2.483481E-17 0
-0.3650284 -0.9309965 2.814349E-16 0
1.258529E-16 2.529495E-16 1 0
0.1241108 0.01960963 -0.07513382 1

-1 1.224647E-16 1.224647E-16 0
1.13518E-16 0.9975074 -0.07056257 0
-1.308008E-16 -0.07056257 -0.9975074 0
-2.984876E-17 0.00774765 -0.224791 1

-1 1.224647E-16 1.224647E-16 0
1.194267E-16 0.9996997 -0.02450681 0
-1.254291E-16 -0.02450681 -0.9996997 0
1.339338E-18 -0.02401861 0.0616454 1

-0.6001468 -0.7980914 -0.05360976 0
0.7977322 -0.6021017 0.03312156 0
-0.05871254 -0.02288843 0.9980127 0
-0.3043582 -0.07644811 0.007009655 1

-0.6001468 0.7980915 0.05360977 0
0.7977322 0.6021019 -0.03312156 0
-0.05871254 0.02288843 -0.9980129 0
0.3043578 -0.07644784 0.007009201 1

-1 1.224647E-16 1.224647E-16 0
9.995275E-17 0.9855517 -0.1693755 0
-1.414378E-16 -0.1693755 -0.9855517 0
-5.55858E-17 -0.03166417 -0.3955381 1

-1 1.224647E-16 1.224647E-16 0
1.194267E-16 0.9996997 -0.02450681 0
-1.254291E-16 -0.02450681 -0.9996997 0
1.458001E-17 -0.04062335 0.1863685 1

-0.1078483 -0.9937404 -0.02913512 0
0.9924322 -0.1093447 0.05587655 0
-0.05871254 -0.02288843 0.9980127 0
-0.4886994 -0.3186828 0.0426763 1

-0.1078483 0.9937405 0.02913512 0
0.9924322 0.1093447 -0.05587657 0
-0.05871254 0.02288843 -0.9980129 0
0.4886996 -0.3186833 0.04267604 1

-1 1.224647E-16 1.224647E-16 0
1.224647E-16 1 -1.224647E-16 0
-1.224647E-16 -1.224647E-16 -1 0
0 0.02126228 0 1

-1 1.224647E-16 1.224647E-16 0
1.251362E-16 0.9997567 0.02205777 0
-1.197336E-16 0.02205777 -0.9997567 0
-1.149651E-17 0.01418163 -0.0867955 1

-0.9566399 -0.2912731 1.528253E-16 0
-0.2912731 0.9566399 -8.148394E-17 0
-1.224647E-16 -1.224647E-16 -1 0
-0.1241105 0.01418163 -0.0751341 1

-0.9566399 0.2912731 4.592805E-17 0
-0.2912731 -0.9566401 2.754195E-16 0
1.241589E-16 2.500997E-16 1 0
0.1241108 0.01418165 -0.07513382 1

-1 1.224647E-16 1.224647E-16 0
1.153047E-16 0.9983828 -0.05684825 0
-1.292285E-16 -0.05684825 -0.9983828 0
-2.995481E-17 0.001368631 -0.2247059 1

-1 1.224647E-16 1.224647E-16 0
1.163475E-16 0.9988105 -0.04876082 0
-1.282905E-16 -0.04876082 -0.9988105 0
1.501189E-18 -0.02842222 0.06194264 1

-0.7404127 -0.6697749 -0.05648571 0
0.669516 -0.7423356 0.02619521 0
-0.05947625 -0.01842282 0.9980597 0
-0.3113037 -0.06751914 0.007009655 1

-0.7404127 0.669775 0.05648572 0
0.669516 0.7423359 -0.02619522 0
-0.05947625 0.01842281 -0.99806 0
0.3113033 -0.06751892 0.007009201 1

-1 1.224647E-16 1.224647E-16 0
1.047552E-16 0.990791 -0.1354002 0
-1.379186E-16 -0.1354002 -0.990791 0
-5.54684E-17 -0.03569307 -0.3959785 1

-1 1.224647E-16 1.224647E-16 0
1.163475E-16 0.9988105 -0.04876082 0
-1.282905E-16 -0.04876082 -0.9988105 0
1.5158E-17 -0.04199523 0.187032 1

-0.3989994 -0.9160482 -0.04068612 0
0.9150203 -0.400645 0.04713242 0
-0.05947625 -0.01842282 0.9980597 0
-0.5380482 -0.2707611 0.04181024 1

-0.3989994 0.9160483 0.04068613 0
0.9150202 0.4006452 -0.04713242 0
-0.05947625 0.01842281 -0.99806 0
0.5380485 -0.2707615 0.04180998 1

-1 1.224647E-16 1.224647E-16 0
1.224647E-16 1 -1.224647E-16 0
-1.224647E-16 -1.224647E-16 -1 0
0 0.01561556 0 1

-1 1.224647E-16 1.224647E-16 0
1.243222E-16 0.9998832 0.01528426 0
-1.205786E-16 0.01528426 -0.9998832 0
-1.149651E-17 0.008534905 -0.0867955 1

-0.9768845 -0.2137677 1.458129E-16 0
-0.2137677 0.9768845 -9.345487E-17 0
-1.224647E-16 -1.224647E-16 -1 0
-0.1241105 0.008534905 -0.0751341 1

-0.9768845 0.2137677 6.728124E-17 0
-0.2137677 -0.9768846 2.682824E-16 0
1.230761E-16 2.476984E-16 1 0
0.1241108 0.008534932 -0.07513382 1

-1 1.224647E-16 1.224647E-16 0
1.17208E-16 0.9991159 -0.04204011 0
-1.275048E-16 -0.04204011 -0.9991159 0
-3.005818E-17 -0.005212091 -0.224616 1

-1 1.224647E-16 1.224647E-16 0
1.13237E-16 0.9973536 -0.0727034 0
-1.310442E-16 -0.0727034 -0.9973536 0
1.659639E-18 -0.03306031 0.06222785 1

-0.8562197 -0.5131649 -0.05957907 0
0.5130073 -0.8581721 0.01908121 0
-0.0609209 -0.01422679 0.9980413 0
-0.3172425 -0.05792052 0.007009655 1

-0.8562198 0.5131649 0.05957907 0
0.5130072 0.8581722 -0.01908121 0
-0.0609209 0.01422679 -0.9980413 0
0.3172422 -0.05792035 0.007009178 1

-1 1.224647E-16 1.224647E-16 0
1.097086E-16 0.9950648 -0.09922631 0
-1.34012E-16 -0.09922631 -0.9950648 0
-5.532528E-17 -0.03973046 -0.3964192 1

-1 1.224647E-16 1.224647E-16 0
1.13237E-16 0.9973536 -0.0727034 0
-1.310442E-16 -0.0727034 -0.9973536 0
1.571981E-17 -0.04362913 0.1876067 1

-0.6594052 -0.7500598 -0.05094229 0
0.7493153 -0.661217 0.03631309 0
-0.0609209 -0.01422679 0.9980413 0
-0.5790374 -0.2136384 0.04087512 1

-0.6594054 0.7500598 0.05094229 0
0.7493152 0.6612172 -0.03631309 0
-0.0609209 0.01422679 -0.9980413 0
0.5790378 -0.2136386 0.04087482 1

-1 1.224647E-16 1.224647E-16 0
1.224647E-16 1 -1.224647E-16 0
-1.224647E-16 -1.224647E-16 -1 0
0 0.01010032 0 1

-1 1.224647E-16 1.224647E-16 0
1.235814E-16 0.999958 0.009160401 0
-1.213377E-16 0.009160401 -0.999958 0
-1.149651E-17 0.003019664 -0.0867955 1

-0.990641 -0.1364931 1.380341E-16 0
-0.1364931 0.990641 -1.04603E-16 0
-1.224647E-16 -1.224647E-16 -1 0
-0.1241105 0.003019664 -0.0751341 1

-0.990641 0.1364931 8.788463E-17 0
-0.1364931 -0.9906411 2.605132E-16 0
1.226204E-16 2.460794E-16 1 0
0.1241108 0.003019691 -0.07513382 1

-1 1.224647E-16 1.224647E-16 0
1.191137E-16 0.9996355 -0.02699803 0
-1.257263E-16 -0.02699803 -0.9996355 0
-3.015089E-17 -0.01157113 -0.2245292 1

-1 1.224647E-16 1.224647E-16 0
1.103469E-16 0.9955271 -0.09447627 0
-1.334869E-16 -0.09447627 -0.9955271 0
1.802358E-18 -0.03766211 0.0624798 1

-0.938246 -0.3402553 -0.06261618 0
0.3401881 -0.9402801 0.01205957 0
-0.06298008 -0.009986436 0.9979649 0
-0.3218597 -0.04808388 0.007009655 1

-0.938246 0.3402553 0.06261618 0
0.3401881 0.9402802 -0.01205957 0
-0.06298008 0.009986435 -0.9979649 0
0.3218593 -0.04808378 0.007009178 1

-1 1.224647E-16 1.224647E-16 0
1.144904E-16 0.9980059 -0.06312115 0
-1.299506E-16 -0.06312115 -0.9980059 0
-5.516209E-17 -0.04349983 -0.3968325 1

-1 1.224647E-16 1.224647E-16 0
1.103469E-16 0.9955271 -0.09447627 0
-1.334869E-16 -0.09447627 -0.9955271 0
1.622292E-17 -0.04548912 0.1880596 1

-0.853712 -0.5173862 -0.05905388 0
0.516923 -0.8556938 0.02405948 0
-0.06298008 -0.009986436 0.9979649 0
-0.6085331 -0.151353 0.03995397 1

-0.8537121 0.5173862 0.05905388 0
0.5169229 0.8556938 -0.02405948 0
-0.06298008 0.009986435 -0.9979649 0
0.6085335 -0.1513531 0.03995367 1

-1 1.224647E-16 1.224647E-16 0
1.224647E-16 1 -1.224647E-16 0
-1.224647E-16 -1.224647E-16 -1 0
0 0.00506679 0 1

-1 1.224647E-16 1.224647E-16 0
1.229801E-16 0.9999911 0.004217663 0
-1.219471E-16 0.004217663 -0.9999911 0
-1.149651E-17 -0.00201387 -0.0867955 1

-0.9979341 -0.064246 1.300796E-16 0
-0.064246 0.9979341 -1.143438E-16 0
-1.224647E-16 -1.224647E-16 -1 0
-0.1241105 -0.00201387 -0.0751341 1

-0.9979341 0.06424595 1.064767E-16 0
-0.06424595 -0.9979341 2.525473E-16 0
1.224819E-16 2.451849E-16 1 0
0.1241108 -0.002013843 -0.07513382 1

-1 1.224647E-16 1.224647E-16 0
1.209142E-16 0.9999209 -0.01258128 0
-1.239958E-16 -0.01258128 -0.9999209 0
-3.02252E-17 -0.01728528 -0.2244554 1

-1 1.224647E-16 1.224647E-16 0
1.079455E-16 0.9936813 -0.1122391 0
-1.354362E-16 -0.1122391 -0.9936813 0
1.91718E-18 -0.0419573 0.06267906 1

-0.9833043 -0.1698338 -0.06533825 0
0.1698323 -0.9854572 0.005619268 0
-0.06534237 -0.005571089 0.9978476 0
-0.3250467 -0.03863274 0.007009655 1

-0.9833043 0.1698338 0.06533825 0
0.1698322 0.9854572 -0.005619268 0
-0.06534237 0.005571086 -0.9978476 0
0.3250464 -0.03863269 0.007009178 1

-1 1.224647E-16 1.224647E-16 0
1.188142E-16 0.9995685 -0.02937668 0
-1.260094E-16 -0.02937668 -0.9995685 0
-5.498592E-17 -0.04672619 -0.3972012 1

-1 1.224647E-16 1.224647E-16 0
1.079455E-16 0.9936813 -0.1122391 0
-1.354362E-16 -0.1122391 -0.9936813 0
1.66272E-17 -0.04754049 0.1883787 1

-0.9634616 -0.259954 -0.06454203 0
0.2597539 -0.9656053 0.01161848 0
-0.06534237 -0.005571089 0.9978476 0
-0.6254484 -0.09019633 0.03912584 1

-0.9634616 0.259954 0.06454203 0
0.2597539 0.9656053 -0.01161848 0
-0.06534237 0.005571086 -0.9978476 0
0.6254489 -0.09019639 0.03912554 1

-1 1.224647E-16 1.224647E-16 0
1.224647E-16 1 -1.224647E-16 0
-1.224647E-16 -1.224647E-16 -1 0
0 0.0008651502 0 1

-1 1.224647E-16 1.224647E-16 0
1.225855E-16 0.9999995 0.0009872046 0
-1.223437E-16 0.0009872046 -0.9999995 0
-1.149651E-17 -0.006215509 -0.0867955 1

-0.9999991 -0.001319584 1.226262E-16 0
-0.001319584 0.9999991 -1.22303E-16 0
-1.224647E-16 -1.224647E-16 -1 0
-0.1241105 -0.006215509 -0.0751341 1

-0.9999991 0.001319584 1.221415E-16 0
-0.001319584 -0.9999993 2.450951E-16 0
1.224648E-16 2.449337E-16 1 0
0.1241108 -0.006215482 -0.07513382 1

-1 1.224647E-16 1.224647E-16 0
1.221495E-16 0.9999967 -0.002570193 0
-1.22779E-16 -0.002570193 -0.9999967 0
-3.027352E-17 -0.02193154 -0.2244053 1

-1 1.224647E-16 1.224647E-16 0
1.063104E-16 0.9922609 -0.124171 0
-1.367235E-16 -0.124171 -0.9922609 0
1.992047E-18 -0.04567586 0.06280731 1

-0.9975496 -0.01747658 -0.06774478 0
0.01750888 -0.9998468 0.0001170103 0
-0.06773643 -0.001069412 0.9977027 0
-0.3269528 -0.03011707 0.007009655 1

-0.9975496 0.01747658 0.06774479 0
0.01750888 0.9998469 -0.0001170103 0
-0.06773643 0.001069412 -0.997703 0
0.3269525 -0.03011707 0.007009201 1

-1 1.224647E-16 1.224647E-16 0
1.21712E-16 0.9999813 -0.006127559 0
-1.232128E-16 -0.006127559 -0.9999813 0
-5.485731E-17 -0.04964158 -0.3974372 1

-1 1.224647E-16 1.224647E-16 0
